/home/flo/System_Bioinformatics/SequenceWS19-20_Assignments/Project/NC_004431/NC_004431.fasta /home/flo/System_Bioinformatics/SequenceWS19-20_Assignments/Project/NC_004431/../r_assembly.fna
NUCMER
show-coords
[S1]	[E1]	[S2]	[E2]	[LEN 1]	[LEN 2]	[% IDY]	[TAGS]
1	309	791185	791493	309	309	100.00	NC_004431.1	CP041955.1
1015	6270	791487	796743	5256	5257	97.24	NC_004431.1	CP041955.1
6281	10536	796846	801101	4256	4256	98.43	NC_004431.1	CP041955.1
10537	10682	3452903	3452758	146	146	93.84	NC_004431.1	CP041955.1
10537	10672	2726783	2726648	136	136	94.12	NC_004431.1	CP041955.1
10537	10686	4627700	4627551	150	150	92.05	NC_004431.1	CP041955.1
10539	10686	4250470	4250322	148	149	89.93	NC_004431.1	CP041955.1
10714	16174	801109	806573	5461	5465	97.90	NC_004431.1	CP041955.1
16163	16606	807911	808352	444	442	93.48	NC_004431.1	CP041955.1
20612	22971	808431	810792	2360	2362	89.51	NC_004431.1	CP041955.1
23024	30444	815249	822669	7421	7421	96.91	NC_004431.1	CP041955.1
30872	52942	822715	844800	22071	22086	97.31	NC_004431.1	CP041955.1
53591	61369	844888	852666	7779	7779	98.11	NC_004431.1	CP041955.1
61489	67630	854192	860333	6142	6142	96.96	NC_004431.1	CP041955.1
68341	73750	860332	865741	5410	5410	96.77	NC_004431.1	CP041955.1
75553	81933	865717	872097	6381	6381	95.66	NC_004431.1	CP041955.1
82685	115320	873359	906011	32636	32653	97.69	NC_004431.1	CP041955.1
116751	126779	906128	916157	10029	10030	97.72	NC_004431.1	CP041955.1
132297	138083	916467	922252	5787	5786	98.60	NC_004431.1	CP041955.1
138114	139609	922400	923895	1496	1496	98.66	NC_004431.1	CP041955.1
139781	140153	923895	924268	373	374	84.76	NC_004431.1	CP041955.1
140161	149003	924372	933191	8843	8820	96.24	NC_004431.1	CP041955.1
149003	158114	933315	942378	9112	9064	96.66	NC_004431.1	CP041955.1
158261	160489	942265	944486	2229	2222	90.70	NC_004431.1	CP041955.1
161436	162258	945406	946228	823	823	78.05	NC_004431.1	CP041955.1
162975	167462	946945	951424	4488	4480	81.29	NC_004431.1	CP041955.1
167860	175081	951828	959049	7222	7222	96.70	NC_004431.1	CP041955.1
175093	178976	959162	963046	3884	3885	95.57	NC_004431.1	CP041955.1
179311	183908	963366	967963	4598	4598	94.91	NC_004431.1	CP041955.1
183940	192689	968118	976867	8750	8750	98.38	NC_004431.1	CP041955.1
193399	195259	976866	978762	1861	1897	95.89	NC_004431.1	CP041955.1
195386	200903	979605	985122	5518	5518	98.19	NC_004431.1	CP041955.1
200914	202805	985256	987147	1892	1892	99.47	NC_004431.1	CP041955.1
202809	226035	987293	1010518	23227	23226	97.79	NC_004431.1	CP041955.1
227595	236780	1010692	1019881	9186	9190	97.82	NC_004431.1	CP041955.1
235040	236792	302659	304412	1753	1754	99.37	NC_004431.1	CP041955.1
235040	236792	3638669	3636917	1753	1753	98.69	NC_004431.1	CP041955.1
234950	236780	4352624	4350793	1831	1832	98.47	NC_004431.1	CP041955.1
237038	240282	3636663	3633428	3245	3236	98.55	NC_004431.1	CP041955.1
237038	240282	345832	349084	3245	3253	98.59	NC_004431.1	CP041955.1
238830	240281	157728	159181	1452	1454	98.21	NC_004431.1	CP041955.1
236912	243367	1020028	1026485	6456	6458	98.50	NC_004431.1	CP041955.1
237038	240406	62316	65688	3369	3373	98.70	NC_004431.1	CP041955.1
236912	240286	4350646	4347281	3375	3366	98.46	NC_004431.1	CP041955.1
237038	239539	304666	307169	2502	2504	98.96	NC_004431.1	CP041955.1
243564	248636	1026460	1031532	5073	5073	98.15	NC_004431.1	CP041955.1
250131	250500	1972278	1971909	370	370	92.43	NC_004431.1	CP041955.1
257752	258091	4806990	4806651	340	340	92.35	NC_004431.1	CP041955.1
257752	258701	2017239	2016290	950	950	89.05	NC_004431.1	CP041955.1
258206	258580	4806499	4806124	375	376	91.78	NC_004431.1	CP041955.1
259225	260457	4806112	4804879	1233	1234	94.75	NC_004431.1	CP041955.1
259268	261833	3015195	3017760	2566	2566	95.92	NC_004431.1	CP041955.1
259268	260453	2016273	2015088	1186	1186	95.62	NC_004431.1	CP041955.1
260853	261834	2014924	2013955	982	970	87.59	NC_004431.1	CP041955.1
264176	268666	2013883	2009406	4491	4478	92.60	NC_004431.1	CP041955.1
268878	269127	3023791	3024039	250	249	91.63	NC_004431.1	CP041955.1
268878	269127	2006083	2005835	250	249	92.43	NC_004431.1	CP041955.1
269120	269411	3024470	3024761	292	292	95.90	NC_004431.1	CP041955.1
269120	269411	2005404	2005114	292	291	95.89	NC_004431.1	CP041955.1
281719	282896	3026724	3027898	1178	1175	92.20	NC_004431.1	CP041955.1
286034	286111	3029324	3029401	78	78	97.44	NC_004431.1	CP041955.1
286270	286710	3030046	3030486	441	441	89.16	NC_004431.1	CP041955.1
288360	288781	4796613	4796191	422	423	90.54	NC_004431.1	CP041955.1
298468	299355	1949444	1950342	888	899	93.33	NC_004431.1	CP041955.1
299549	309462	685244	675339	9914	9906	98.24	NC_004431.1	CP041955.1
305018	305154	4823258	4823119	137	140	86.43	NC_004431.1	CP041955.1
309658	310561	1950779	1951682	904	904	87.97	NC_004431.1	CP041955.1
331374	331898	1963586	1964111	525	526	98.86	NC_004431.1	CP041955.1
333165	333919	3032289	3033045	755	757	92.60	NC_004431.1	CP041955.1
334360	334909	4786588	4787138	550	551	91.49	NC_004431.1	CP041955.1
348569	355150	1063891	1070473	6582	6583	97.24	NC_004431.1	CP041955.1
355394	356147	1071312	1072066	754	755	92.45	NC_004431.1	CP041955.1
356350	359941	1072890	1076481	3592	3592	95.68	NC_004431.1	CP041955.1
359935	360561	1077234	1077861	627	628	95.54	NC_004431.1	CP041955.1
360564	360786	1077991	1078213	223	223	99.10	NC_004431.1	CP041955.1
361805	370301	1078205	1086700	8497	8496	97.28	NC_004431.1	CP041955.1
377496	377646	1086699	1086849	151	151	92.72	NC_004431.1	CP041955.1
377956	388926	1138108	1149084	10971	10977	96.55	NC_004431.1	CP041955.1
395160	399943	1149084	1153868	4784	4785	94.26	NC_004431.1	CP041955.1
400086	401206	1154032	1155147	1121	1116	93.67	NC_004431.1	CP041955.1
401932	409968	1155186	1163221	8037	8036	97.40	NC_004431.1	CP041955.1
415965	434652	1163220	1181916	18688	18697	95.96	NC_004431.1	CP041955.1
434653	439344	1182752	1187440	4692	4689	95.51	NC_004431.1	CP041955.1
439245	439344	1187434	1187533	100	100	97.00	NC_004431.1	CP041955.1
439245	446933	1187620	1195313	7689	7694	96.25	NC_004431.1	CP041955.1
439245	439344	1187527	1187626	100	100	98.00	NC_004431.1	CP041955.1
446885	453274	1199139	1205527	6390	6389	97.18	NC_004431.1	CP041955.1
453337	456655	1214650	1217965	3319	3316	96.96	NC_004431.1	CP041955.1
456653	460313	1219415	1223076	3661	3662	95.03	NC_004431.1	CP041955.1
460331	465160	1223879	1228774	4830	4896	94.32	NC_004431.1	CP041955.1
465329	465576	1228941	1229188	248	248	97.18	NC_004431.1	CP041955.1
466885	479837	1230332	1243286	12953	12955	97.67	NC_004431.1	CP041955.1
479919	498984	1243280	1262324	19066	19045	97.24	NC_004431.1	CP041955.1
499128	505150	1262343	1268364	6023	6022	98.11	NC_004431.1	CP041955.1
505150	512202	1268503	1275555	7053	7053	96.95	NC_004431.1	CP041955.1
512204	542209	1275682	1305676	30006	29995	98.20	NC_004431.1	CP041955.1
542915	572470	1305671	1335225	29556	29555	97.85	NC_004431.1	CP041955.1
572524	582684	1335383	1345546	10161	10164	97.71	NC_004431.1	CP041955.1
583087	583433	1345617	1345963	347	347	98.56	NC_004431.1	CP041955.1
583454	589023	1346141	1351709	5570	5569	96.98	NC_004431.1	CP041955.1
590389	598794	1351733	1360137	8406	8405	97.28	NC_004431.1	CP041955.1
598925	611870	1367429	1380372	12946	12944	96.76	NC_004431.1	CP041955.1
611891	621827	1380492	1390490	9937	9999	96.56	NC_004431.1	CP041955.1
622283	626884	1390528	1395128	4602	4601	97.31	NC_004431.1	CP041955.1
626967	627149	1401922	1402104	183	183	93.99	NC_004431.1	CP041955.1
628029	628951	2151267	2152189	923	923	96.32	NC_004431.1	CP041955.1
630712	640602	1403092	1412982	9891	9891	97.52	NC_004431.1	CP041955.1
640605	649011	1413110	1421434	8407	8325	96.81	NC_004431.1	CP041955.1
649003	649119	1422203	1422318	117	116	89.83	NC_004431.1	CP041955.1
649769	651587	1439815	1441634	1819	1820	95.77	NC_004431.1	CP041955.1
651576	660208	1442972	1451604	8633	8633	96.29	NC_004431.1	CP041955.1
660512	666799	1451877	1458164	6288	6288	95.72	NC_004431.1	CP041955.1
666797	674088	1458348	1465639	7292	7292	96.82	NC_004431.1	CP041955.1
674183	683810	1465804	1475508	9628	9705	93.46	NC_004431.1	CP041955.1
684088	701042	1477120	1494075	16955	16956	97.82	NC_004431.1	CP041955.1
701049	701200	1494479	1494630	152	152	98.03	NC_004431.1	CP041955.1
701194	715492	1494828	1509125	14299	14298	98.27	NC_004431.1	CP041955.1
715536	720044	1517101	1521609	4509	4509	96.78	NC_004431.1	CP041955.1
722221	732250	1521771	1531801	10030	10031	97.26	NC_004431.1	CP041955.1
732281	738704	1531972	1538395	6424	6424	97.51	NC_004431.1	CP041955.1
747836	749618	1538442	1540231	1783	1790	97.21	NC_004431.1	CP041955.1
750373	757639	1540403	1547667	7267	7265	97.70	NC_004431.1	CP041955.1
757627	760459	1549347	1552179	2833	2833	96.96	NC_004431.1	CP041955.1
760687	761306	1552177	1552796	620	620	83.12	NC_004431.1	CP041955.1
761796	761934	1549151	1549289	139	139	91.37	NC_004431.1	CP041955.1
761784	770127	1553245	1561587	8344	8343	96.12	NC_004431.1	CP041955.1
770138	772075	1571158	1573095	1938	1938	92.73	NC_004431.1	CP041955.1
772095	779380	1573222	1580508	7286	7287	95.86	NC_004431.1	CP041955.1
779417	784811	1585287	1590682	5395	5396	97.81	NC_004431.1	CP041955.1
784911	789344	1590592	1594964	4434	4373	96.59	NC_004431.1	CP041955.1
789359	791542	1595251	1597434	2184	2184	97.89	NC_004431.1	CP041955.1
794042	803300	1603658	1612915	9259	9258	98.65	NC_004431.1	CP041955.1
803283	803489	1612998	1613204	207	207	100.00	NC_004431.1	CP041955.1
803472	803702	1613285	1613515	231	231	98.70	NC_004431.1	CP041955.1
803620	803964	1613655	1613974	345	320	85.59	NC_004431.1	CP041955.1
803705	803819	1613616	1613730	115	115	97.39	NC_004431.1	CP041955.1
803911	806374	1614077	1616539	2464	2463	96.31	NC_004431.1	CP041955.1
806374	827467	1617092	1638177	21094	21086	97.47	NC_004431.1	CP041955.1
824898	825025	1412979	1413106	128	128	100.00	NC_004431.1	CP041955.1
824900	825025	3973617	3973742	126	126	99.21	NC_004431.1	CP041955.1
827468	829393	1638270	1640195	1926	1926	97.56	NC_004431.1	CP041955.1
830681	838335	1640192	1647846	7655	7655	96.21	NC_004431.1	CP041955.1
838332	855289	1647997	1664954	16958	16958	96.70	NC_004431.1	CP041955.1
855291	861563	1665255	1671528	6273	6274	97.26	NC_004431.1	CP041955.1
861727	868083	1671518	1677875	6357	6358	96.78	NC_004431.1	CP041955.1
868092	880068	1678028	1690002	11977	11975	97.78	NC_004431.1	CP041955.1
880133	908883	1691525	1720265	28751	28741	97.66	NC_004431.1	CP041955.1
942351	954019	1720252	1731922	11669	11671	97.41	NC_004431.1	CP041955.1
954022	1001252	1732095	1779336	47231	47242	97.14	NC_004431.1	CP041955.1
969144	969416	3151532	3151259	273	274	93.07	NC_004431.1	CP041955.1
1001257	1035289	1782565	1816596	34033	34032	97.68	NC_004431.1	CP041955.1
1035289	1044024	1816768	1825504	8736	8737	97.87	NC_004431.1	CP041955.1
1044241	1048515	1825569	1829842	4275	4274	94.85	NC_004431.1	CP041955.1
1048591	1051604	1837713	1840727	3014	3015	97.38	NC_004431.1	CP041955.1
1051604	1075951	1840873	1865207	24348	24335	97.93	NC_004431.1	CP041955.1
1076165	1085695	1865252	1874782	9531	9531	97.51	NC_004431.1	CP041955.1
1085706	1097267	1883064	1894626	11562	11563	97.03	NC_004431.1	CP041955.1
1097346	1098878	1894503	1896037	1533	1535	96.95	NC_004431.1	CP041955.1
1098879	1101999	1897297	1900428	3121	3132	96.14	NC_004431.1	CP041955.1
1101977	1114312	1900581	1912916	12336	12336	97.21	NC_004431.1	CP041955.1
1114425	1127377	1913352	1926297	12953	12946	97.38	NC_004431.1	CP041955.1
1127426	1127541	1929201	1929316	116	116	92.24	NC_004431.1	CP041955.1
1127426	1134669	1929382	1936621	7244	7240	98.07	NC_004431.1	CP041955.1
1127467	1127541	1929061	1929135	75	75	96.00	NC_004431.1	CP041955.1
1134967	1135923	1936770	1937724	957	955	91.66	NC_004431.1	CP041955.1
1140273	1141047	4196013	4195240	775	774	96.52	NC_004431.1	CP041955.1
1141036	1141365	4194997	4194668	330	330	97.88	NC_004431.1	CP041955.1
1141440	1142830	4193667	4192277	1391	1391	83.94	NC_004431.1	CP041955.1
1142987	1143447	4795889	4795421	461	469	87.34	NC_004431.1	CP041955.1
1142987	1143591	1950533	1951142	605	610	84.30	NC_004431.1	CP041955.1
1170324	1170876	4787138	4786588	553	551	93.49	NC_004431.1	CP041955.1
1171317	1172058	3033045	3032304	742	742	95.96	NC_004431.1	CP041955.1
1174408	1175059	1926345	1926995	652	651	85.30	NC_004431.1	CP041955.1
1184175	1186404	1949440	1951665	2230	2226	91.53	NC_004431.1	CP041955.1
1185224	1185739	4795934	4795419	516	516	88.20	NC_004431.1	CP041955.1
1196879	1197980	664985	663884	1102	1102	99.36	NC_004431.1	CP041955.1
1212460	1212985	2147140	2147665	526	526	99.62	NC_004431.1	CP041955.1
1212977	1213773	4291203	4291999	797	797	100.00	NC_004431.1	CP041955.1
1224320	1225281	3024753	3023791	962	963	95.85	NC_004431.1	CP041955.1
1224311	1225281	2005113	2006083	971	971	95.98	NC_004431.1	CP041955.1
1227649	1228730	2008219	2009300	1082	1082	92.90	NC_004431.1	CP041955.1
1227649	1228733	3019068	3017984	1085	1085	93.38	NC_004431.1	CP041955.1
1232004	1233160	4803605	4804747	1157	1143	86.61	NC_004431.1	CP041955.1
1232151	1233132	2013956	2014924	982	969	89.43	NC_004431.1	CP041955.1
1232150	1234405	3017761	3015431	2256	2331	91.70	NC_004431.1	CP041955.1
1233452	1234405	4804879	4805837	954	959	94.48	NC_004431.1	CP041955.1
1236821	1237094	4805837	4806106	274	270	93.07	NC_004431.1	CP041955.1
1236816	1237057	3015436	3015195	242	242	96.28	NC_004431.1	CP041955.1
1236816	1237057	2016032	2016273	242	242	93.39	NC_004431.1	CP041955.1
1237608	1238121	3015194	3014681	514	514	89.49	NC_004431.1	CP041955.1
1237608	1239333	2016274	2017988	1726	1715	88.30	NC_004431.1	CP041955.1
1240042	1246990	2017986	2024931	6949	6946	97.09	NC_004431.1	CP041955.1
1246983	1288389	2025700	2067106	41407	41407	97.86	NC_004431.1	CP041955.1
1288381	1311710	2067875	2091187	23330	23313	98.36	NC_004431.1	CP041955.1
1312416	1333130	2091182	2111897	20715	20716	97.38	NC_004431.1	CP041955.1
1333456	1333611	2112340	2112495	156	156	98.08	NC_004431.1	CP041955.1
1334491	1338543	2113573	2117632	4053	4060	97.10	NC_004431.1	CP041955.1
1338868	1339945	2117666	2118743	1078	1078	89.70	NC_004431.1	CP041955.1
1340251	1341557	2119053	2120358	1307	1306	97.63	NC_004431.1	CP041955.1
1341545	1342269	1943542	1944265	725	724	97.80	NC_004431.1	CP041955.1
1342262	1342518	2120352	2120611	257	260	90.84	NC_004431.1	CP041955.1
1343221	1345116	2121260	2123154	1896	1895	97.42	NC_004431.1	CP041955.1
1345409	1346233	2123174	2123997	825	824	92.48	NC_004431.1	CP041955.1
1345996	1346662	1102268	1102933	667	666	92.65	NC_004431.1	CP041955.1
1347362	1347623	1102968	1103229	262	262	90.53	NC_004431.1	CP041955.1
1362556	1363591	1116854	1117889	1036	1036	84.02	NC_004431.1	CP041955.1
1362556	1363591	2138035	2139070	1036	1036	85.37	NC_004431.1	CP041955.1
1367682	1368803	2142632	2143753	1122	1122	91.01	NC_004431.1	CP041955.1
1368136	1368803	1121923	1122592	668	670	85.67	NC_004431.1	CP041955.1
1369408	1369567	1123509	1123668	160	160	87.50	NC_004431.1	CP041955.1
1369408	1369567	2144670	2144829	160	160	86.88	NC_004431.1	CP041955.1
1371701	1377758	2151310	2157367	6058	6058	98.02	NC_004431.1	CP041955.1
1389204	1397321	2157361	2165476	8118	8116	97.86	NC_004431.1	CP041955.1
1421662	1422631	1101542	1102511	970	970	94.54	NC_004431.1	CP041955.1
1422383	1423290	2123755	2124664	908	910	93.08	NC_004431.1	CP041955.1
1438404	1439900	1116461	1117957	1497	1497	93.86	NC_004431.1	CP041955.1
1438352	1439900	2137590	2139138	1549	1549	92.84	NC_004431.1	CP041955.1
1440130	1443533	2139344	2142746	3404	3403	95.71	NC_004431.1	CP041955.1
1440130	1443462	1118163	1121495	3333	3333	95.41	NC_004431.1	CP041955.1
1451721	1451885	1132261	1132422	165	162	89.70	NC_004431.1	CP041955.1
1452236	1457080	2166292	2171134	4845	4843	96.10	NC_004431.1	CP041955.1
1457084	1459624	2171806	2174350	2541	2545	95.80	NC_004431.1	CP041955.1
1459625	1459856	2175086	2175317	232	232	96.55	NC_004431.1	CP041955.1
1459856	1467821	2175710	2183655	7966	7946	97.68	NC_004431.1	CP041955.1
1461206	1461560	3668452	3668097	355	356	87.92	NC_004431.1	CP041955.1
1461560	1461913	3663831	3663477	354	355	95.21	NC_004431.1	CP041955.1
1467872	1472980	2184403	2189513	5109	5111	97.87	NC_004431.1	CP041955.1
1473135	1477382	2189556	2193803	4248	4248	98.56	NC_004431.1	CP041955.1
1477425	1482150	2194175	2198900	4726	4726	97.06	NC_004431.1	CP041955.1
1488945	1496185	2199585	2206826	7241	7242	98.07	NC_004431.1	CP041955.1
1496595	1509430	2210567	2223398	12836	12832	97.65	NC_004431.1	CP041955.1
1508961	1518153	2224003	2233201	9193	9199	97.87	NC_004431.1	CP041955.1
1508961	1509436	2223468	2223939	476	472	92.45	NC_004431.1	CP041955.1
1518154	1525203	2233325	2240374	7050	7050	97.23	NC_004431.1	CP041955.1
1520827	1521081	2471346	2471092	255	255	83.53	NC_004431.1	CP041955.1
1522649	1523114	2469527	2469062	466	466	80.98	NC_004431.1	CP041955.1
1532207	1532409	2240730	2240932	203	203	95.07	NC_004431.1	CP041955.1
1532207	1532527	2240908	2241229	321	322	96.90	NC_004431.1	CP041955.1
1532207	1532409	2240552	2240754	203	203	96.06	NC_004431.1	CP041955.1
1532508	1539403	2241385	2248282	6896	6898	98.32	NC_004431.1	CP041955.1
1540496	1559664	2249219	2268390	19169	19172	98.11	NC_004431.1	CP041955.1
1559665	1574017	2268710	2283066	14353	14357	96.60	NC_004431.1	CP041955.1
1574727	1579374	2283065	2287712	4648	4648	98.26	NC_004431.1	CP041955.1
1579367	1595453	2288481	2304587	16087	16107	98.03	NC_004431.1	CP041955.1
1603358	1609425	2305263	2311330	6068	6068	97.74	NC_004431.1	CP041955.1
1609422	1633345	2320178	2344150	23924	23973	96.04	NC_004431.1	CP041955.1
1634010	1642423	2344150	2352563	8414	8414	98.45	NC_004431.1	CP041955.1
1642543	1642871	2357757	2358084	329	328	84.55	NC_004431.1	CP041955.1
1644621	1650593	2358196	2364168	5973	5973	98.12	NC_004431.1	CP041955.1
1652854	1664010	2364280	2375437	11157	11158	97.53	NC_004431.1	CP041955.1
1664010	1665925	2394242	2396159	1916	1918	85.83	NC_004431.1	CP041955.1
1669263	1671532	2399524	2401781	2270	2258	87.32	NC_004431.1	CP041955.1
1671639	1686142	2404130	2418634	14504	14505	96.31	NC_004431.1	CP041955.1
1686152	1695647	2420274	2429768	9496	9495	98.10	NC_004431.1	CP041955.1
1695648	1699980	2431517	2435849	4333	4333	97.90	NC_004431.1	CP041955.1
1699980	1709389	2436294	2445702	9410	9409	97.06	NC_004431.1	CP041955.1
1709390	1709538	2447035	2447183	149	149	93.96	NC_004431.1	CP041955.1
1709539	1715523	2447490	2453470	5985	5981	96.59	NC_004431.1	CP041955.1
1715791	1715925	1570164	1570297	135	134	92.59	NC_004431.1	CP041955.1
1715796	1715925	4547075	4547204	130	130	92.31	NC_004431.1	CP041955.1
1715771	1715925	1062626	1062780	155	155	92.26	NC_004431.1	CP041955.1
1728047	1730956	2464321	2467227	2910	2907	93.75	NC_004431.1	CP041955.1
1731069	1739027	2467340	2475285	7959	7946	96.26	NC_004431.1	CP041955.1
1734821	1735075	2236252	2235998	255	255	82.75	NC_004431.1	CP041955.1
1739037	1745333	2477248	2483547	6297	6300	97.56	NC_004431.1	CP041955.1
1740365	1741639	205291	204017	1275	1275	79.91	NC_004431.1	CP041955.1
1745755	1750064	2483651	2487960	4310	4310	96.75	NC_004431.1	CP041955.1
1750133	1752799	2494135	2496799	2667	2665	97.34	NC_004431.1	CP041955.1
1752846	1775758	2498063	2520956	22913	22894	97.57	NC_004431.1	CP041955.1
1756314	1757817	4587793	4589296	1504	1504	94.82	NC_004431.1	CP041955.1
1779039	1779272	2520956	2521190	234	235	93.62	NC_004431.1	CP041955.1
1781762	1783612	2521627	2523473	1851	1847	95.68	NC_004431.1	CP041955.1
1783646	1788302	2538101	2542767	4657	4667	96.72	NC_004431.1	CP041955.1
1788801	1792755	2542768	2546722	3955	3955	96.99	NC_004431.1	CP041955.1
1792765	1796114	2547735	2551084	3350	3350	97.22	NC_004431.1	CP041955.1
1802400	1806345	2551123	2555067	3946	3945	97.69	NC_004431.1	CP041955.1
1806386	1852066	2556086	2601776	45681	45691	97.95	NC_004431.1	CP041955.1
1852066	1889726	2601957	2639602	37661	37646	97.85	NC_004431.1	CP041955.1
1889717	1924856	2643981	2679193	35140	35213	97.48	NC_004431.1	CP041955.1
1924864	1959857	2679376	2714369	34994	34994	97.93	NC_004431.1	CP041955.1
1959860	1967423	2715239	2722804	7564	7566	97.78	NC_004431.1	CP041955.1
1967487	1970166	2723917	2726596	2680	2680	96.83	NC_004431.1	CP041955.1
1970533	1997558	2727165	2754192	27026	27028	97.02	NC_004431.1	CP041955.1
2002376	2038287	2755625	2791531	35912	35907	97.86	NC_004431.1	CP041955.1
2038283	2038445	2792744	2792907	163	164	93.29	NC_004431.1	CP041955.1
2038469	2100295	2797268	2859092	61827	61825	97.91	NC_004431.1	CP041955.1
2100299	2113351	2859221	2872273	13053	13053	97.28	NC_004431.1	CP041955.1
2113391	2115765	2873044	2875419	2375	2376	96.68	NC_004431.1	CP041955.1
2115836	2120319	2875403	2879879	4484	4477	97.70	NC_004431.1	CP041955.1
2120308	2148220	2881242	2909153	27913	27912	97.83	NC_004431.1	CP041955.1
2140718	2140793	541590	541515	76	76	100.00	NC_004431.1	CP041955.1
2140718	2140793	541701	541626	76	76	100.00	NC_004431.1	CP041955.1
2140718	2140793	541357	541282	76	76	100.00	NC_004431.1	CP041955.1
2148926	2151769	2909148	2911991	2844	2844	98.24	NC_004431.1	CP041955.1
2152754	2160183	2913201	2920628	7430	7428	97.07	NC_004431.1	CP041955.1
2164320	2185946	2922039	2943642	21627	21604	97.54	NC_004431.1	CP041955.1
2186851	2193664	2944562	2951371	6814	6810	96.58	NC_004431.1	CP041955.1
2193887	2194347	2952368	2952828	461	461	96.31	NC_004431.1	CP041955.1
2216841	2217998	2952815	2953972	1158	1158	98.45	NC_004431.1	CP041955.1
2250151	2250473	2954560	2954891	323	332	92.77	NC_004431.1	CP041955.1
2250475	2250948	2958585	2959059	474	475	95.37	NC_004431.1	CP041955.1
2250938	2252550	2959361	2960976	1613	1616	93.25	NC_004431.1	CP041955.1
2252621	2258251	2961478	2967111	5631	5634	98.28	NC_004431.1	CP041955.1
2258244	2258615	3043906	3043535	372	372	97.85	NC_004431.1	CP041955.1
2258512	2262825	3039322	3043635	4314	4314	98.31	NC_004431.1	CP041955.1
2258512	2258615	2953975	2953872	104	104	99.04	NC_004431.1	CP041955.1
2316272	2316502	1926575	1926345	231	231	94.81	NC_004431.1	CP041955.1
2317208	2321641	3039341	3034908	4434	4434	98.76	NC_004431.1	CP041955.1
2324842	2326638	1961918	1960128	1797	1791	88.93	NC_004431.1	CP041955.1
2328409	2330937	1221997	1219469	2529	2529	95.22	NC_004431.1	CP041955.1
2336026	2336319	4507930	4508224	294	295	92.20	NC_004431.1	CP041955.1
2336351	2336915	4787151	4786588	565	564	93.81	NC_004431.1	CP041955.1
2337356	2338721	3033045	3031679	1366	1367	96.93	NC_004431.1	CP041955.1
2338720	2340475	3030514	3028762	1756	1753	97.89	NC_004431.1	CP041955.1
2340531	2341183	3028599	3027945	653	655	98.17	NC_004431.1	CP041955.1
2341182	2342642	1997317	1995859	1461	1459	99.66	NC_004431.1	CP041955.1
2341184	2342643	1219419	1217960	1460	1460	99.59	NC_004431.1	CP041955.1
2341184	2342643	3064271	3062811	1460	1461	99.52	NC_004431.1	CP041955.1
2341185	2342643	3382864	3384322	1459	1459	99.59	NC_004431.1	CP041955.1
2342637	2343327	3027941	3027250	691	692	90.90	NC_004431.1	CP041955.1
2345737	2346109	3027255	3026883	373	373	87.13	NC_004431.1	CP041955.1
2357803	2358093	3024761	3024470	291	292	94.52	NC_004431.1	CP041955.1
2358086	2358334	2005835	2006083	249	249	91.60	NC_004431.1	CP041955.1
2358086	2358334	3024039	3023791	249	249	93.20	NC_004431.1	CP041955.1
2358546	2362988	2009406	2013848	4443	4443	95.12	NC_004431.1	CP041955.1
2364208	2366542	2013958	2016273	2335	2316	92.38	NC_004431.1	CP041955.1
2365351	2368022	3016380	3013614	2672	2767	90.21	NC_004431.1	CP041955.1
2365302	2367541	4804834	4807088	2240	2255	92.42	NC_004431.1	CP041955.1
2367116	2367541	2016900	2017337	426	438	90.18	NC_004431.1	CP041955.1
2368023	2368180	1997992	1997835	158	158	93.67	NC_004431.1	CP041955.1
2368182	2370794	3009838	3007227	2613	2612	98.70	NC_004431.1	CP041955.1
2370787	2373685	3005910	3003012	2899	2899	98.07	NC_004431.1	CP041955.1
2373759	2385240	3001491	2990009	11482	11483	97.04	NC_004431.1	CP041955.1
2401269	2401597	3054684	3055012	329	329	83.69	NC_004431.1	CP041955.1
2425434	2427021	3056855	3058442	1588	1588	95.72	NC_004431.1	CP041955.1
2427029	2431013	3058834	3062818	3985	3985	99.12	NC_004431.1	CP041955.1
2431015	2440462	3064273	3073668	9448	9396	94.82	NC_004431.1	CP041955.1
2439889	2452130	3073420	3085661	12242	12242	95.12	NC_004431.1	CP041955.1
2457333	2459110	3085684	3087461	1778	1778	97.24	NC_004431.1	CP041955.1
2459280	2467344	3087461	3095524	8065	8064	96.37	NC_004431.1	CP041955.1
2468073	2478136	3095544	3105609	10064	10066	97.43	NC_004431.1	CP041955.1
2479112	2483123	3106580	3110591	4012	4012	96.81	NC_004431.1	CP041955.1
2483833	2488056	3110588	3114813	4224	4226	95.53	NC_004431.1	CP041955.1
2487871	2489445	3118438	3120012	1575	1575	93.02	NC_004431.1	CP041955.1
2489897	2520745	3120470	3151211	30849	30742	95.76	NC_004431.1	CP041955.1
2521143	2525685	3151592	3156134	4543	4543	98.28	NC_004431.1	CP041955.1
2525683	2528238	3156335	3158890	2556	2556	95.89	NC_004431.1	CP041955.1
2528427	2543833	3158907	3174299	15407	15393	97.64	NC_004431.1	CP041955.1
2544213	2544586	3174679	3175052	374	374	94.12	NC_004431.1	CP041955.1
2544584	2549828	3176188	3181431	5245	5244	90.42	NC_004431.1	CP041955.1
2550282	2576955	3181853	3208526	26674	26674	98.11	NC_004431.1	CP041955.1
2576955	2577393	3209159	3209612	439	454	91.63	NC_004431.1	CP041955.1
2577393	2628885	3210617	3262063	51493	51447	97.12	NC_004431.1	CP041955.1
2630262	2636384	3263434	3269613	6123	6180	93.44	NC_004431.1	CP041955.1
2636471	2644243	3269961	3277733	7773	7773	97.29	NC_004431.1	CP041955.1
2644172	2668907	3277845	3302572	24736	24728	96.59	NC_004431.1	CP041955.1
2669055	2672487	3304069	3307485	3433	3417	94.21	NC_004431.1	CP041955.1
2672505	2705130	3310047	3342674	32626	32628	98.02	NC_004431.1	CP041955.1
2705158	2712541	3343677	3351061	7384	7385	97.31	NC_004431.1	CP041955.1
2712713	2730955	3350960	3369140	18243	18181	96.21	NC_004431.1	CP041955.1
2737470	2737756	3375378	3375664	287	287	79.51	NC_004431.1	CP041955.1
2738295	2743780	3376317	3381800	5486	5484	95.36	NC_004431.1	CP041955.1
2744550	2744615	3382573	3382638	66	66	100.00	NC_004431.1	CP041955.1
2744620	2746799	3385637	3387816	2180	2180	97.66	NC_004431.1	CP041955.1
2761355	2796662	3393375	3428680	35308	35306	96.83	NC_004431.1	CP041955.1
2796651	2818597	3430018	3451952	21947	21935	96.66	NC_004431.1	CP041955.1
2802286	2802401	1613863	1613978	116	116	100.00	NC_004431.1	CP041955.1
2818601	2823579	3452914	3457892	4979	4979	95.30	NC_004431.1	CP041955.1
2823576	2824554	3458035	3459013	979	979	96.83	NC_004431.1	CP041955.1
2824602	2827101	3459931	3462432	2500	2502	94.28	NC_004431.1	CP041955.1
2827142	2871734	3463842	3508455	44593	44614	97.14	NC_004431.1	CP041955.1
2871776	2892500	3522270	3542992	20725	20723	97.09	NC_004431.1	CP041955.1
2904509	2922169	3543340	3561006	17661	17667	97.22	NC_004431.1	CP041955.1
2921976	2924671	3561138	3563828	2696	2691	95.74	NC_004431.1	CP041955.1
2924721	2930577	3563997	3569852	5857	5856	97.92	NC_004431.1	CP041955.1
2930580	2935931	3569946	3575297	5352	5352	98.15	NC_004431.1	CP041955.1
2936133	2936674	3580629	3581171	542	543	96.87	NC_004431.1	CP041955.1
2936786	2947076	3581171	3591461	10291	10291	96.20	NC_004431.1	CP041955.1
2947091	2977125	3591610	3621624	30035	30015	97.56	NC_004431.1	CP041955.1
2977127	3009005	3621802	3653673	31879	31872	97.91	NC_004431.1	CP041955.1
2988753	2994005	349085	343911	5253	5175	96.70	NC_004431.1	CP041955.1
2988749	2991990	4347280	4350520	3242	3241	99.14	NC_004431.1	CP041955.1
2988721	2989259	307706	307168	539	539	96.12	NC_004431.1	CP041955.1
2988750	2991990	1023404	1020154	3241	3251	98.71	NC_004431.1	CP041955.1
2988721	2990207	159215	157728	1487	1488	98.26	NC_004431.1	CP041955.1
2988750	2994188	65568	60211	5439	5358	96.79	NC_004431.1	CP041955.1
2989497	2994188	307169	302476	4692	4694	98.34	NC_004431.1	CP041955.1
2992260	2994188	155765	153845	1929	1921	98.40	NC_004431.1	CP041955.1
2992260	2994005	1019878	1018142	1746	1737	98.34	NC_004431.1	CP041955.1
2992260	2994005	4350796	4352534	1746	1739	98.17	NC_004431.1	CP041955.1
3009020	3018693	3653800	3663477	9674	9678	96.57	NC_004431.1	CP041955.1
3026278	3026999	1944264	1943542	722	723	98.89	NC_004431.1	CP041955.1
3026987	3027727	1122688	1121946	741	743	87.89	NC_004431.1	CP041955.1
3026987	3031492	2143849	2139344	4506	4506	95.45	NC_004431.1	CP041955.1
3028161	3031492	1121494	1118163	3332	3332	95.20	NC_004431.1	CP041955.1
3031722	3033269	2139138	2137590	1548	1549	91.87	NC_004431.1	CP041955.1
3031722	3033217	1117957	1116461	1496	1497	93.93	NC_004431.1	CP041955.1
3049754	3050314	2123762	2123202	561	561	90.37	NC_004431.1	CP041955.1
3050825	3051284	2123150	2122691	460	460	91.30	NC_004431.1	CP041955.1
3054056	3055639	1097971	1096388	1584	1584	95.52	NC_004431.1	CP041955.1
3055761	3056569	1096254	1095446	809	809	97.65	NC_004431.1	CP041955.1
3056566	3057692	1094799	1093673	1127	1127	97.52	NC_004431.1	CP041955.1
3057629	3058922	1093691	1092398	1294	1294	97.69	NC_004431.1	CP041955.1
3060870	3062954	1090862	1088778	2085	2085	96.64	NC_004431.1	CP041955.1
3066943	3067125	3663295	3663477	183	183	90.71	NC_004431.1	CP041955.1
3067511	3079199	3674180	3685871	11689	11692	96.70	NC_004431.1	CP041955.1
3081145	3094702	3685949	3699503	13558	13555	97.32	NC_004431.1	CP041955.1
3096809	3100538	3699561	3703290	3730	3730	98.28	NC_004431.1	CP041955.1
3100246	3100677	3703271	3703705	432	435	94.27	NC_004431.1	CP041955.1
3100246	3100457	3703686	3703898	212	213	92.06	NC_004431.1	CP041955.1
3100658	3100957	3703406	3703705	300	300	99.00	NC_004431.1	CP041955.1
3100938	3117531	3703820	3720408	16594	16589	97.47	NC_004431.1	CP041955.1
3117629	3120826	3720410	3723607	3198	3198	96.78	NC_004431.1	CP041955.1
3123244	3137109	3727901	3741765	13866	13865	97.20	NC_004431.1	CP041955.1
3137623	3147611	3741813	3751804	9989	9992	96.32	NC_004431.1	CP041955.1
3149717	3160839	3751864	3762980	11123	11117	97.34	NC_004431.1	CP041955.1
3161103	3177235	3772601	3788736	16133	16136	96.03	NC_004431.1	CP041955.1
3177271	3178408	3789609	3790746	1138	1138	94.64	NC_004431.1	CP041955.1
3181368	3186181	3791143	3795955	4814	4813	97.63	NC_004431.1	CP041955.1
3186236	3220730	3796647	3831093	34495	34447	97.79	NC_004431.1	CP041955.1
3220730	3222390	3831255	3832915	1661	1661	97.95	NC_004431.1	CP041955.1
3222089	3222171	3832834	3832916	83	83	100.00	NC_004431.1	CP041955.1
3255079	3283631	3832988	3861539	28553	28552	97.78	NC_004431.1	CP041955.1
3284336	3295280	3861532	3872476	10945	10945	97.86	NC_004431.1	CP041955.1
3295426	3308868	3901331	3914773	13443	13443	96.84	NC_004431.1	CP041955.1
3308841	3329877	3914926	3935961	21037	21036	97.50	NC_004431.1	CP041955.1
3330586	3339322	3935960	3944696	8737	8737	97.41	NC_004431.1	CP041955.1
3339322	3341955	3944815	3947448	2634	2634	96.74	NC_004431.1	CP041955.1
3342077	3357688	3948471	3964122	15612	15652	96.89	NC_004431.1	CP041955.1
3357703	3361538	3968473	3972316	3836	3844	97.76	NC_004431.1	CP041955.1
3361505	3365299	3972451	3976246	3795	3796	98.79	NC_004431.1	CP041955.1
3368742	3369902	3976553	3977713	1161	1161	97.16	NC_004431.1	CP041955.1
3369894	3373293	3978355	3981754	3400	3400	96.38	NC_004431.1	CP041955.1
3374713	3378943	3981989	3986221	4231	4233	95.84	NC_004431.1	CP041955.1
3379878	3389880	3986281	3996271	10003	9991	97.75	NC_004431.1	CP041955.1
3390039	3406300	3996440	4012786	16262	16347	97.05	NC_004431.1	CP041955.1
3406177	3406414	511590	511353	238	238	94.96	NC_004431.1	CP041955.1
3408002	3409298	4759384	4760680	1297	1297	89.99	NC_004431.1	CP041955.1
3410390	3412845	3011021	3013478	2456	2458	98.82	NC_004431.1	CP041955.1
3410391	3412846	17010	14554	2456	2457	98.82	NC_004431.1	CP041955.1
3410454	3411129	1941580	1940905	676	676	96.15	NC_004431.1	CP041955.1
3410682	3410987	1998297	1997992	306	306	96.41	NC_004431.1	CP041955.1
3425888	3427096	690016	691207	1209	1192	98.18	NC_004431.1	CP041955.1
3425888	3426828	3053873	3052933	941	941	99.36	NC_004431.1	CP041955.1
3425888	3426713	1947845	1948671	826	827	99.27	NC_004431.1	CP041955.1
3426825	3427096	3033372	3033101	272	272	99.26	NC_004431.1	CP041955.1
3426828	3427096	3051710	3051442	269	269	99.26	NC_004431.1	CP041955.1
3427097	3427179	691345	691263	83	83	98.80	NC_004431.1	CP041955.1
3427098	3428288	711708	710518	1191	1191	99.50	NC_004431.1	CP041955.1
3428287	3428467	3013298	3013479	181	182	99.45	NC_004431.1	CP041955.1
3428529	3428712	709603	709420	184	184	100.00	NC_004431.1	CP041955.1
3439212	3439726	1986153	1985638	515	516	96.12	NC_004431.1	CP041955.1
3439727	3440521	1966373	1967167	795	795	94.85	NC_004431.1	CP041955.1
3440521	3440585	1997250	1997314	65	65	100.00	NC_004431.1	CP041955.1
3441176	3441947	4738894	4738114	772	781	91.43	NC_004431.1	CP041955.1
3441178	3441947	3005911	3006688	770	778	91.77	NC_004431.1	CP041955.1
3454679	3455064	1971909	1972294	386	386	92.75	NC_004431.1	CP041955.1
3460977	3470550	1972961	1982534	9574	9574	99.80	NC_004431.1	CP041955.1
3480167	3480375	1942998	1943206	209	209	92.34	NC_004431.1	CP041955.1
3480231	3480898	1972576	1971909	668	668	89.22	NC_004431.1	CP041955.1
3482089	3483293	710843	709639	1205	1205	93.78	NC_004431.1	CP041955.1
3483248	3483666	1940900	1940482	419	419	95.94	NC_004431.1	CP041955.1
3482123	3483666	16098	14554	1544	1545	94.11	NC_004431.1	CP041955.1
3483869	3485281	3030496	3029084	1413	1413	93.00	NC_004431.1	CP041955.1
3485586	3485850	3028760	3028499	265	262	91.32	NC_004431.1	CP041955.1
3486434	3487037	3028136	3027534	604	603	87.75	NC_004431.1	CP041955.1
3490514	3491482	2005115	2006083	969	969	95.87	NC_004431.1	CP041955.1
3490514	3491482	3024760	3023791	969	970	96.39	NC_004431.1	CP041955.1
3493764	3494936	2008128	2009299	1173	1172	91.66	NC_004431.1	CP041955.1
3493764	3494936	3019159	3017988	1173	1172	91.15	NC_004431.1	CP041955.1
3503835	3504829	3017761	3016769	995	993	93.48	NC_004431.1	CP041955.1
3504942	3506127	3016380	3015195	1186	1186	96.46	NC_004431.1	CP041955.1
3504823	3506164	4804764	4806106	1342	1343	92.51	NC_004431.1	CP041955.1
3504864	3506127	2015010	2016273	1264	1264	95.89	NC_004431.1	CP041955.1
3506691	3507778	3015181	3014094	1088	1088	89.63	NC_004431.1	CP041955.1
3506815	3509281	4806124	4808593	2467	2470	89.72	NC_004431.1	CP041955.1
3507297	3509281	2016857	2018836	1985	1980	91.19	NC_004431.1	CP041955.1
3511115	3511332	3030732	3030515	218	218	87.16	NC_004431.1	CP041955.1
3530467	3532595	4012936	4015065	2129	2130	94.98	NC_004431.1	CP041955.1
3534217	3572460	4029905	4068125	38244	38221	98.09	NC_004431.1	CP041955.1
3572461	3582837	4068359	4078735	10377	10377	97.76	NC_004431.1	CP041955.1
3590585	3597149	4078798	4085361	6565	6564	98.51	NC_004431.1	CP041955.1
3597155	3600597	4086289	4089731	3443	3443	97.59	NC_004431.1	CP041955.1
3601909	3602992	4089913	4090996	1084	1084	97.60	NC_004431.1	CP041955.1
3610299	3618372	4091050	4099123	8074	8074	98.12	NC_004431.1	CP041955.1
3622071	3623776	4099161	4100866	1706	1706	96.37	NC_004431.1	CP041955.1
3629608	3630863	4101357	4102612	1256	1256	97.77	NC_004431.1	CP041955.1
3630938	3634128	4107742	4110932	3191	3191	94.49	NC_004431.1	CP041955.1
3633772	3639818	4110952	4116997	6047	6046	96.99	NC_004431.1	CP041955.1
3641660	3643819	4116998	4119157	2160	2160	98.29	NC_004431.1	CP041955.1
3643884	3671929	4119323	4147366	28046	28044	97.39	NC_004431.1	CP041955.1
3671845	3674613	4147482	4150250	2769	2769	96.35	NC_004431.1	CP041955.1
3674613	3692651	4150575	4168696	18039	18122	96.45	NC_004431.1	CP041955.1
3692692	3707327	4170126	4184765	14636	14640	97.04	NC_004431.1	CP041955.1
3707389	3707523	4186368	4186506	135	139	89.93	NC_004431.1	CP041955.1
3707494	3724406	4186984	4203898	16913	16915	97.58	NC_004431.1	CP041955.1
3724398	3726616	4204667	4206885	2219	2219	97.25	NC_004431.1	CP041955.1
3726716	3733083	4212370	4218737	6368	6368	97.44	NC_004431.1	CP041955.1
3733129	3764060	4219388	4250317	30932	30930	98.10	NC_004431.1	CP041955.1
3751846	3751922	3832802	3832726	77	77	100.00	NC_004431.1	CP041955.1
3751846	3751922	3832912	3832836	77	77	100.00	NC_004431.1	CP041955.1
3751846	3751922	3832692	3832616	77	77	100.00	NC_004431.1	CP041955.1
3764067	3770340	4250470	4256738	6274	6269	98.53	NC_004431.1	CP041955.1
3770336	3794148	4258394	4282207	23813	23814	98.02	NC_004431.1	CP041955.1
3794167	3799653	4292942	4298428	5487	5487	96.34	NC_004431.1	CP041955.1
3799729	3815606	4300187	4316070	15878	15884	97.80	NC_004431.1	CP041955.1
3815543	3830465	4316281	4331203	14923	14923	98.41	NC_004431.1	CP041955.1
3839144	3844454	4331313	4336623	5311	5311	97.95	NC_004431.1	CP041955.1
3845823	3855036	4337677	4346890	9214	9214	97.17	NC_004431.1	CP041955.1
3855007	3855149	4347029	4347171	143	143	97.90	NC_004431.1	CP041955.1
3854987	3855521	307706	307168	535	539	96.85	NC_004431.1	CP041955.1
3855019	3858253	349083	345832	3235	3252	98.68	NC_004431.1	CP041955.1
3854983	3858253	3633393	3636663	3271	3271	99.24	NC_004431.1	CP041955.1
3855019	3858331	4347286	4350598	3313	3313	99.28	NC_004431.1	CP041955.1
3855014	3858331	1023404	1020076	3318	3329	98.77	NC_004431.1	CP041955.1
3855007	3856470	159193	157728	1464	1466	98.43	NC_004431.1	CP041955.1
3855014	3858253	65568	62316	3240	3253	98.77	NC_004431.1	CP041955.1
3855760	3858227	307168	304692	2468	2477	98.83	NC_004431.1	CP041955.1
3856575	3858331	157727	155963	1757	1765	98.98	NC_004431.1	CP041955.1
3858331	3860277	62342	60394	1947	1949	99.33	NC_004431.1	CP041955.1
3858331	3860368	345858	343822	2038	2037	99.22	NC_004431.1	CP041955.1
3858331	3858504	304692	304519	174	174	100.00	NC_004431.1	CP041955.1
3858537	3931084	4350793	4423317	72548	72525	98.08	NC_004431.1	CP041955.1
3858525	3860277	3636917	3638669	1753	1753	99.26	NC_004431.1	CP041955.1
3858537	3860368	1019881	1018051	1832	1831	99.29	NC_004431.1	CP041955.1
3858537	3860277	155768	154028	1741	1741	99.31	NC_004431.1	CP041955.1
3858525	3860277	304412	302659	1753	1754	99.03	NC_004431.1	CP041955.1
3901531	3902716	313040	311855	1186	1186	98.90	NC_004431.1	CP041955.1
3931115	3938669	4428560	4436112	7555	7553	95.00	NC_004431.1	CP041955.1
3938685	3960569	4436258	4458067	21885	21810	97.33	NC_004431.1	CP041955.1
3961350	3970065	4458111	4466828	8716	8718	97.16	NC_004431.1	CP041955.1
3970060	3990143	4467077	4487145	20084	20069	96.58	NC_004431.1	CP041955.1
4000114	4011648	4487756	4499291	11535	11536	98.51	NC_004431.1	CP041955.1
4015133	4018202	4499348	4502417	3070	3070	97.17	NC_004431.1	CP041955.1
4018230	4047145	4502576	4531498	28916	28923	96.28	NC_004431.1	CP041955.1
4047325	4057642	4531511	4541836	10318	10326	96.47	NC_004431.1	CP041955.1
4063464	4068693	4548408	4553636	5230	5229	96.58	NC_004431.1	CP041955.1
4070353	4073314	4559039	4561996	2962	2958	98.08	NC_004431.1	CP041955.1
4072777	4073265	4052909	4052421	489	489	79.07	NC_004431.1	CP041955.1
4073288	4081853	4562147	4570712	8566	8566	96.77	NC_004431.1	CP041955.1
4081836	4082017	4571125	4571306	182	182	90.16	NC_004431.1	CP041955.1
4082020	4083490	4572993	4574478	1471	1486	92.14	NC_004431.1	CP041955.1
4083524	4084940	4575413	4576832	1417	1420	97.61	NC_004431.1	CP041955.1
4093995	4139022	4576868	4621919	45028	45052	97.54	NC_004431.1	CP041955.1
4104920	4106373	2501518	2502971	1454	1454	95.74	NC_004431.1	CP041955.1
4139101	4181674	4621513	4664129	42574	42617	97.05	NC_004431.1	CP041955.1
4183373	4189256	4664898	4670781	5884	5884	90.37	NC_004431.1	CP041955.1
4189303	4190946	4674973	4676616	1644	1644	96.96	NC_004431.1	CP041955.1
4192323	4197692	4676625	4681993	5370	5369	96.35	NC_004431.1	CP041955.1
4197725	4201767	4691020	4695062	4043	4043	97.60	NC_004431.1	CP041955.1
4201972	4204699	4695079	4697806	2728	2728	95.13	NC_004431.1	CP041955.1
4211378	4215343	4697817	4701788	3966	3972	94.91	NC_004431.1	CP041955.1
4215365	4227876	4701960	4714469	12512	12510	96.39	NC_004431.1	CP041955.1
4227892	4229837	4714603	4716548	1946	1946	95.12	NC_004431.1	CP041955.1
4239382	4248709	4728247	4737574	9328	9328	97.62	NC_004431.1	CP041955.1
4249006	4258311	4739196	4748501	9306	9306	97.11	NC_004431.1	CP041955.1
4258311	4263034	4748633	4753356	4724	4724	96.95	NC_004431.1	CP041955.1
4270282	4277577	4753384	4760681	7296	7298	97.56	NC_004431.1	CP041955.1
4283349	4284111	1422204	1421434	763	771	89.88	NC_004431.1	CP041955.1
4283351	4284110	2025699	2024932	760	768	92.06	NC_004431.1	CP041955.1
4283351	4284112	1223079	1223848	762	770	92.21	NC_004431.1	CP041955.1
4283351	4284111	1836314	1837082	761	769	92.20	NC_004431.1	CP041955.1
4283351	4284110	4168757	4169524	760	768	95.44	NC_004431.1	CP041955.1
4283351	4284110	737527	736761	760	767	98.05	NC_004431.1	CP041955.1
4283351	4284112	706105	705336	762	770	98.44	NC_004431.1	CP041955.1
4283351	4284110	1948672	1949439	760	768	97.27	NC_004431.1	CP041955.1
4283351	4284110	3044674	3043907	760	768	90.10	NC_004431.1	CP041955.1
4283350	4284110	669904	669136	761	769	97.79	NC_004431.1	CP041955.1
4283351	4284110	716870	717636	760	767	90.10	NC_004431.1	CP041955.1
4283351	4284129	4687828	4688613	779	786	89.59	NC_004431.1	CP041955.1
4283351	4284110	2288480	2287713	760	768	90.10	NC_004431.1	CP041955.1
4283351	4284110	2988994	2988227	760	768	90.10	NC_004431.1	CP041955.1
4283351	4284110	2967112	2967879	760	768	90.10	NC_004431.1	CP041955.1
4283351	4284110	2067107	2067874	760	768	90.10	NC_004431.1	CP041955.1
4283351	4284110	4203899	4204666	760	768	90.10	NC_004431.1	CP041955.1
4283351	4284110	4760682	4761449	760	768	89.32	NC_004431.1	CP041955.1
4283351	4284111	4770590	4769822	761	769	89.60	NC_004431.1	CP041955.1
4291622	4291958	695419	695753	337	335	89.91	NC_004431.1	CP041955.1
4291942	4293184	3033356	3034598	1243	1243	99.44	NC_004431.1	CP041955.1
4291959	4293184	3052934	3051709	1226	1226	99.51	NC_004431.1	CP041955.1
4294157	4294315	1997835	1997993	159	159	93.71	NC_004431.1	CP041955.1
4303577	4305661	1953356	1951270	2085	2087	95.03	NC_004431.1	CP041955.1
4329326	4329490	1950605	1950441	165	165	92.17	NC_004431.1	CP041955.1
4329620	4330533	4796124	4797036	914	913	91.27	NC_004431.1	CP041955.1
4330662	4340582	4797202	4807131	9921	9930	94.42	NC_004431.1	CP041955.1
4337209	4339523	2013956	2016271	2315	2316	93.35	NC_004431.1	CP041955.1
4338337	4339523	3016384	3015197	1187	1188	95.12	NC_004431.1	CP041955.1
4339585	4339950	2016417	2016785	366	369	90.24	NC_004431.1	CP041955.1
4339585	4340687	3015051	3013947	1103	1105	89.52	NC_004431.1	CP041955.1
4340665	4341947	4807495	4808781	1283	1287	98.99	NC_004431.1	CP041955.1
4340665	4341763	2017738	2018836	1099	1099	92.08	NC_004431.1	CP041955.1
4343013	4355605	4810674	4823267	12593	12594	96.30	NC_004431.1	CP041955.1
4356987	4359250	4823256	4825519	2264	2264	97.04	NC_004431.1	CP041955.1
4359406	4361970	4826209	4828773	2565	2565	98.13	NC_004431.1	CP041955.1
4362019	4366251	4829366	4833598	4233	4233	97.17	NC_004431.1	CP041955.1
4366301	4377216	4837020	4847932	10916	10913	96.65	NC_004431.1	CP041955.1
4377838	4385466	4848556	4856183	7629	7628	98.01	NC_004431.1	CP041955.1
4379320	4379420	1547788	1547688	101	101	91.09	NC_004431.1	CP041955.1
4385467	4398679	1	13211	13213	13211	96.80	NC_004431.1	CP041955.1
4398851	4399734	13383	14260	884	878	91.07	NC_004431.1	CP041955.1
4399753	4409584	17357	27192	9832	9836	96.83	NC_004431.1	CP041955.1
4409584	4460770	27284	78570	51187	51287	97.63	NC_004431.1	CP041955.1
4442481	4447119	302445	307168	4639	4724	97.08	NC_004431.1	CP041955.1
4442475	4444426	153808	155760	1952	1953	98.72	NC_004431.1	CP041955.1
4442694	4447748	343911	348969	5055	5059	98.74	NC_004431.1	CP041955.1
4444615	4446303	156041	157727	1689	1687	99.70	NC_004431.1	CP041955.1
4444615	4447986	1020154	1023524	3372	3371	98.87	NC_004431.1	CP041955.1
4446408	4447862	157728	159181	1455	1454	98.01	NC_004431.1	CP041955.1
4447358	4447862	307168	307672	505	505	96.65	NC_004431.1	CP041955.1
4460838	4494383	79415	112924	33546	33510	97.21	NC_004431.1	CP041955.1
4482768	4482856	756823	756735	89	89	100.00	NC_004431.1	CP041955.1
4482769	4482856	756587	756500	88	88	100.00	NC_004431.1	CP041955.1
4482770	4482856	756706	756620	87	87	98.85	NC_004431.1	CP041955.1
4496936	4502904	112925	118886	5969	5962	96.90	NC_004431.1	CP041955.1
4503943	4506028	119032	121117	2086	2086	98.13	NC_004431.1	CP041955.1
4507633	4517325	121945	131647	9693	9703	96.55	NC_004431.1	CP041955.1
4517352	4519610	131793	134051	2259	2259	96.72	NC_004431.1	CP041955.1
4535670	4537492	134112	135934	1823	1823	98.19	NC_004431.1	CP041955.1
4543089	4553155	135978	146044	10067	10067	98.15	NC_004431.1	CP041955.1
4553157	4564741	146137	157727	11585	11591	98.00	NC_004431.1	CP041955.1
4560828	4562788	60174	62136	1961	1963	99.39	NC_004431.1	CP041955.1
4560834	4562788	302445	304400	1955	1956	99.08	NC_004431.1	CP041955.1
4560865	4562785	3638851	3636933	1921	1919	98.91	NC_004431.1	CP041955.1
4561048	4562788	343911	345652	1741	1742	99.60	NC_004431.1	CP041955.1
4561048	4566305	4352534	4347280	5258	5255	98.61	NC_004431.1	CP041955.1
4561048	4566304	1018142	1023404	5257	5263	98.75	NC_004431.1	CP041955.1
4563061	4564345	3636663	3635381	1285	1283	98.91	NC_004431.1	CP041955.1
4563061	4566304	62316	65568	3244	3253	98.16	NC_004431.1	CP041955.1
4563061	4566185	345832	348969	3125	3138	97.84	NC_004431.1	CP041955.1
4563061	4565557	304666	307169	2497	2504	98.13	NC_004431.1	CP041955.1
4564846	4566333	157728	159215	1488	1488	98.05	NC_004431.1	CP041955.1
4566333	4581947	159381	174992	15615	15612	97.86	NC_004431.1	CP041955.1
4582008	4588944	175165	182100	6937	6936	98.31	NC_004431.1	CP041955.1
4597588	4600540	195092	198044	2953	2953	96.88	NC_004431.1	CP041955.1
4603213	4603722	198733	199240	510	508	90.82	NC_004431.1	CP041955.1
4603748	4610456	199842	206551	6709	6710	97.56	NC_004431.1	CP041955.1
4607923	4608869	2479850	2478904	947	947	80.23	NC_004431.1	CP041955.1
4610449	4610597	207022	207170	149	149	97.99	NC_004431.1	CP041955.1
4610588	4610936	207296	207644	349	349	95.99	NC_004431.1	CP041955.1
4612770	4626048	212729	225995	13279	13267	97.49	NC_004431.1	CP041955.1
4613967	4614191	214100	214324	225	225	95.11	NC_004431.1	CP041955.1
4614243	4614375	213916	214048	133	133	96.99	NC_004431.1	CP041955.1
4614249	4614375	214106	214232	127	127	100.00	NC_004431.1	CP041955.1
4626002	4647617	242490	264067	21616	21578	97.43	NC_004431.1	CP041955.1
4647625	4651836	264201	268412	4212	4212	96.87	NC_004431.1	CP041955.1
4659477	4680410	268612	289531	20934	20920	96.66	NC_004431.1	CP041955.1
4680415	4684952	289832	294369	4538	4538	97.00	NC_004431.1	CP041955.1
4688054	4690684	294424	297054	2631	2631	98.29	NC_004431.1	CP041955.1
4693387	4703433	297129	307169	10047	10041	97.92	NC_004431.1	CP041955.1
4698703	4700666	153814	155768	1964	1955	98.88	NC_004431.1	CP041955.1
4698917	4700666	1018142	1019881	1750	1740	98.91	NC_004431.1	CP041955.1
4698734	4704183	3638851	3633421	5450	5431	98.50	NC_004431.1	CP041955.1
4698917	4704177	343911	349085	5261	5175	97.23	NC_004431.1	CP041955.1
4698703	4704180	60180	65568	5478	5389	97.30	NC_004431.1	CP041955.1
4700932	4704181	4350520	4347280	3250	3241	98.86	NC_004431.1	CP041955.1
4700932	4702619	156041	157727	1688	1687	99.53	NC_004431.1	CP041955.1
4700932	4704180	1020154	1023404	3249	3251	99.08	NC_004431.1	CP041955.1
4702724	4704209	157728	159215	1486	1488	98.26	NC_004431.1	CP041955.1
4704158	4711879	307822	315541	7722	7720	98.12	NC_004431.1	CP041955.1
4707720	4707804	2241470	2241386	85	85	97.65	NC_004431.1	CP041955.1
4707720	4707804	2241176	2241092	85	85	97.65	NC_004431.1	CP041955.1
4708193	4709378	4394954	4393769	1186	1186	98.74	NC_004431.1	CP041955.1
4711901	4721752	315684	325535	9852	9852	99.06	NC_004431.1	CP041955.1
4721780	4733245	326483	337954	11466	11472	97.09	NC_004431.1	CP041955.1
4733706	4751527	338436	356324	17822	17889	96.80	NC_004431.1	CP041955.1
4739183	4741564	60394	62776	2382	2383	99.24	NC_004431.1	CP041955.1
4741104	4742790	156041	157727	1687	1687	98.93	NC_004431.1	CP041955.1
4740956	4743608	304519	307169	2653	2651	98.79	NC_004431.1	CP041955.1
4741104	4744352	1020154	1023401	3249	3248	98.49	NC_004431.1	CP041955.1
4751550	4756254	358814	363518	4705	4705	96.00	NC_004431.1	CP041955.1
4757271	4759807	363714	366249	2537	2536	95.86	NC_004431.1	CP041955.1
4766125	4767028	366336	367239	904	904	95.35	NC_004431.1	CP041955.1
4767035	4776429	367378	376755	9395	9378	96.19	NC_004431.1	CP041955.1
4776425	4784416	378548	386550	7992	8003	97.73	NC_004431.1	CP041955.1
4784430	4792082	388417	396068	7653	7652	97.56	NC_004431.1	CP041955.1
4792235	4794708	397774	400248	2474	2475	96.73	NC_004431.1	CP041955.1
4802033	4803465	400315	401747	1433	1433	97.00	NC_004431.1	CP041955.1
4804175	4805266	401788	402879	1092	1092	88.75	NC_004431.1	CP041955.1
4806850	4808119	403053	404322	1270	1270	97.17	NC_004431.1	CP041955.1
4821863	4827219	405320	410676	5357	5357	96.70	NC_004431.1	CP041955.1
4827213	4834189	422571	429546	6977	6976	97.09	NC_004431.1	CP041955.1
4836310	4838481	431136	433308	2172	2173	95.81	NC_004431.1	CP041955.1
4838566	4849127	433210	443757	10562	10548	97.51	NC_004431.1	CP041955.1
4850126	4850883	443783	444540	758	758	95.92	NC_004431.1	CP041955.1
4856373	4873356	444568	461551	16984	16984	97.35	NC_004431.1	CP041955.1
4873384	4878073	461698	466387	4690	4690	94.01	NC_004431.1	CP041955.1
4878067	4884918	468042	474899	6852	6858	95.13	NC_004431.1	CP041955.1
4884839	4901813	475221	492181	16975	16961	97.03	NC_004431.1	CP041955.1
4901837	4919470	493850	511489	17634	17640	98.21	NC_004431.1	CP041955.1
4919658	4919910	4808535	4808283	253	253	93.68	NC_004431.1	CP041955.1
4922321	4929704	4808288	4800901	7384	7388	96.61	NC_004431.1	CP041955.1
4922321	4926566	2018531	2014244	4246	4288	88.65	NC_004431.1	CP041955.1
4923472	4924472	3014052	3015051	1001	1000	91.91	NC_004431.1	CP041955.1
4924532	4925741	3015195	3016399	1210	1205	95.29	NC_004431.1	CP041955.1
4925858	4926566	3016755	3017463	709	709	93.65	NC_004431.1	CP041955.1
4933435	4935306	4799140	4797311	1872	1830	86.80	NC_004431.1	CP041955.1
4939378	4940172	1967166	1966373	795	794	96.10	NC_004431.1	CP041955.1
4950051	4951173	4795914	4797036	1123	1123	90.21	NC_004431.1	CP041955.1
4961152	4964066	1962969	1960061	2915	2909	92.39	NC_004431.1	CP041955.1
4971471	4982213	511353	522095	10743	10743	98.68	NC_004431.1	CP041955.1
4971585	4971708	4012786	4012664	124	123	91.94	NC_004431.1	CP041955.1
4982219	4983331	522254	523366	1113	1113	97.39	NC_004431.1	CP041955.1
4983331	4994025	523526	534226	10695	10701	98.50	NC_004431.1	CP041955.1
4994213	5000636	534969	541392	6424	6424	96.89	NC_004431.1	CP041955.1
5000636	5018076	541513	559050	17441	17538	97.61	NC_004431.1	CP041955.1
5018096	5027011	564193	573110	8916	8918	97.22	NC_004431.1	CP041955.1
5028196	5032505	573111	577422	4310	4312	94.95	NC_004431.1	CP041955.1
5032519	5034678	578026	580184	2160	2159	98.06	NC_004431.1	CP041955.1
5044810	5045105	581268	581563	296	296	95.95	NC_004431.1	CP041955.1
5045108	5054613	583314	592814	9506	9501	96.83	NC_004431.1	CP041955.1
5054622	5064168	594064	603594	9547	9531	97.94	NC_004431.1	CP041955.1
5066082	5076383	604357	614582	10302	10226	95.67	NC_004431.1	CP041955.1
5076523	5089642	614594	627713	13120	13120	97.67	NC_004431.1	CP041955.1
5096143	5097713	632258	633828	1571	1571	93.57	NC_004431.1	CP041955.1
5097875	5098339	633858	634322	465	465	95.05	NC_004431.1	CP041955.1
5099774	5103261	635769	639259	3488	3491	97.14	NC_004431.1	CP041955.1
5103267	5115429	639167	651289	12163	12123	97.06	NC_004431.1	CP041955.1
5116722	5116841	4776795	4776914	120	120	89.26	NC_004431.1	CP041955.1
5128903	5130003	664985	663884	1101	1102	99.27	NC_004431.1	CP041955.1
5130107	5130218	1062563	1062451	112	113	96.46	NC_004431.1	CP041955.1
5130686	5135426	712141	716869	4741	4729	97.32	NC_004431.1	CP041955.1
5144270	5150078	717637	723377	5809	5741	95.56	NC_004431.1	CP041955.1
5151312	5161191	725372	735252	9880	9881	97.55	NC_004431.1	CP041955.1
5173117	5178596	738321	743732	5480	5412	96.59	NC_004431.1	CP041955.1
5183950	5184563	745384	745997	614	614	84.20	NC_004431.1	CP041955.1
5184970	5195572	746404	757003	10603	10600	97.09	NC_004431.1	CP041955.1
5195304	5195392	101433	101345	89	89	100.00	NC_004431.1	CP041955.1
5195585	5203385	757117	764917	7801	7801	96.72	NC_004431.1	CP041955.1
5203176	5203385	764909	765119	210	211	94.79	NC_004431.1	CP041955.1
5203176	5203285	765111	765221	110	111	96.40	NC_004431.1	CP041955.1
5203176	5210334	765010	772241	7159	7232	96.03	NC_004431.1	CP041955.1
5212489	5217928	772641	778080	5440	5440	97.22	NC_004431.1	CP041955.1
5218328	5218464	778088	778224	137	137	94.89	NC_004431.1	CP041955.1
5218671	5231427	778365	791182	12757	12818	97.28	NC_004431.1	CP041955.1
3441175	3441947	69934	69155	773	780	91.81	NC_004431.1	CP041956.1
4283641	4284111	79293	79763	471	471	90.23	NC_004431.1	CP041957.1
3444051	3445657	43388	41769	1607	1620	95.12	NC_004431.1	CP041959.1
1401821	1402053	26354	26125	233	230	91.42	NC_004431.1	CP041960.1
1405247	1405421	25504	25330	175	175	89.77	NC_004431.1	CP041960.1
