/home/flo/System_Bioinformatics/SequenceWS19-20_Assignments/Project/NC_002695/NC_002695.fasta /home/flo/System_Bioinformatics/SequenceWS19-20_Assignments/Project/NC_002695/../r_assembly.fna
NUCMER

[S1]	[E1]	[S2]	[E2]	[LEN 1]	[LEN 2]	[% IDY]	[TAGS]
1	15407	791185	806573	15407	15389	98.72	NC_002695.2	CP041955.1
15396	20630	807911	813143	5235	5233	98.07	NC_002695.2	CP041955.1
23073	54726	813141	844800	31654	31660	97.42	NC_002695.2	CP041955.1
55375	80465	844888	870150	25091	25263	97.61	NC_002695.2	CP041955.1
81476	83421	870152	872097	1946	1946	95.38	NC_002695.2	CP041955.1
83462	116038	873359	905949	32577	32591	98.39	NC_002695.2	CP041955.1
116040	132225	906067	922252	16186	16186	98.49	NC_002695.2	CP041955.1
132256	152234	922400	942378	19979	19979	98.32	NC_002695.2	CP041955.1
152530	154206	942455	944131	1677	1677	93.68	NC_002695.2	CP041955.1
161629	177768	951823	967962	16140	16140	97.73	NC_002695.2	CP041955.1
177801	188445	968118	978762	10645	10645	98.89	NC_002695.2	CP041955.1
188575	196117	979605	987147	7543	7543	98.77	NC_002695.2	CP041955.1
196121	235296	987293	1026485	39176	39193	98.81	NC_002695.2	CP041955.1
226864	232215	4352628	4347281	5352	5348	98.75	NC_002695.2	CP041955.1
226957	228693	3638669	3636933	1737	1737	99.14	NC_002695.2	CP041955.1
228969	231469	304666	307169	2501	2504	98.76	NC_002695.2	CP041955.1
226957	230655	154028	157727	3699	3700	99.22	NC_002695.2	CP041955.1
232258	232336	1031450	1031528	79	79	100.00	NC_002695.2	CP041955.1
235493	241541	1026460	1032508	6049	6049	98.56	NC_002695.2	CP041955.1
244079	268574	1034772	1059244	24496	24473	97.35	NC_002695.2	CP041955.1
264851	266462	2454569	2456180	1612	1612	93.68	NC_002695.2	CP041955.1
268707	270780	1059377	1061450	2074	2074	91.74	NC_002695.2	CP041955.1
268857	269592	2458518	2459253	736	736	86.04	NC_002695.2	CP041955.1
268857	269592	1362329	1363064	736	736	83.74	NC_002695.2	CP041955.1
272509	272889	1568497	1568876	381	380	91.60	NC_002695.2	CP041955.1
273885	274589	1060305	1061009	705	705	93.90	NC_002695.2	CP041955.1
273870	275102	1363107	1364339	1233	1233	87.93	NC_002695.2	CP041955.1
273870	277289	2459296	2462712	3420	3417	95.53	NC_002695.2	CP041955.1
274709	275037	1061114	1061442	329	329	85.41	NC_002695.2	CP041955.1
277463	282231	1063921	1068690	4769	4770	97.30	NC_002695.2	CP041955.1
282197	300991	1068757	1087631	18795	18875	97.01	NC_002695.2	CP041955.1
291226	291353	1635735	1635608	128	128	96.88	NC_002695.2	CP041955.1
291227	291312	3156132	3156217	86	86	95.35	NC_002695.2	CP041955.1
291228	291354	3973742	3973616	127	127	96.85	NC_002695.2	CP041955.1
291228	291353	1413106	1412981	126	126	97.62	NC_002695.2	CP041955.1
291221	291353	1275688	1275556	133	133	93.98	NC_002695.2	CP041955.1
308457	308796	2952876	2952537	340	340	97.35	NC_002695.2	CP041955.1
310372	310645	1132257	1132533	274	277	95.70	NC_002695.2	CP041955.1
323515	323995	1132517	1132997	481	481	97.09	NC_002695.2	CP041955.1
330125	345357	1132993	1148224	15233	15232	97.94	NC_002695.2	CP041955.1
347800	348665	1148217	1149084	866	868	97.47	NC_002695.2	CP041955.1
353381	359427	1149084	1155147	6047	6064	94.19	NC_002695.2	CP041955.1
360153	368187	1155186	1163221	8035	8036	98.52	NC_002695.2	CP041955.1
373135	379201	1163219	1169283	6067	6065	97.13	NC_002695.2	CP041955.1
384171	391613	1170429	1177862	7443	7434	97.49	NC_002695.2	CP041955.1
391433	391574	1177589	1177730	142	142	97.18	NC_002695.2	CP041955.1
391440	391574	1177503	1177637	135	135	100.00	NC_002695.2	CP041955.1
391576	394159	1177732	1180315	2584	2584	96.52	NC_002695.2	CP041955.1
399423	406388	1180473	1187440	6966	6968	98.06	NC_002695.2	CP041955.1
406294	411186	1187620	1192516	4893	4897	97.77	NC_002695.2	CP041955.1
406294	406388	1187527	1187626	95	100	94.00	NC_002695.2	CP041955.1
406294	406388	1187434	1187533	95	100	93.00	NC_002695.2	CP041955.1
411598	414650	1192365	1195421	3053	3057	97.10	NC_002695.2	CP041955.1
414465	424357	1195622	1205527	9893	9906	97.34	NC_002695.2	CP041955.1
426192	433564	1205538	1212910	7373	7373	98.51	NC_002695.2	CP041955.1
433524	435627	1213274	1215376	2104	2103	97.86	NC_002695.2	CP041955.1
435520	435627	1213078	1212970	108	109	86.36	NC_002695.2	CP041955.1
435520	435627	1213179	1213071	108	109	86.36	NC_002695.2	CP041955.1
435520	435627	1212977	1212869	108	109	84.55	NC_002695.2	CP041955.1
435520	438072	1215369	1217920	2553	2552	97.65	NC_002695.2	CP041955.1
446197	451338	1224033	1229172	5142	5140	96.60	NC_002695.2	CP041955.1
453080	465572	1230794	1243286	12493	12493	98.85	NC_002695.2	CP041955.1
465654	468383	1243280	1246009	2730	2730	98.17	NC_002695.2	CP041955.1
470323	470692	1246015	1246384	370	370	95.68	NC_002695.2	CP041955.1
471055	473259	1246375	1248576	2205	2202	99.05	NC_002695.2	CP041955.1
473163	486314	1248584	1261738	13152	13155	98.81	NC_002695.2	CP041955.1
487974	494107	1261749	1267883	6134	6135	98.76	NC_002695.2	CP041955.1
494795	501356	1267945	1274506	6562	6562	98.61	NC_002695.2	CP041955.1
503340	504328	1274567	1275555	989	989	96.46	NC_002695.2	CP041955.1
504330	555964	1275682	1327303	51635	51622	98.70	NC_002695.2	CP041955.1
556022	563716	1327531	1335225	7695	7695	98.80	NC_002695.2	CP041955.1
563770	579586	1335383	1351200	15817	15818	98.27	NC_002695.2	CP041955.1
605061	605564	1351202	1351704	504	503	94.05	NC_002695.2	CP041955.1
608227	620772	1351733	1364286	12546	12554	97.21	NC_002695.2	CP041955.1
617058	620797	2456755	2460500	3740	3746	93.72	NC_002695.2	CP041955.1
618669	620311	4683774	4685410	1643	1637	80.61	NC_002695.2	CP041955.1
618669	620311	1563368	1565004	1643	1637	80.36	NC_002695.2	CP041955.1
618669	620300	4543631	4545256	1632	1626	80.48	NC_002695.2	CP041955.1
620577	664478	1365287	1409321	43902	44035	98.16	NC_002695.2	CP041955.1
664592	665885	4548340	4547047	1294	1294	97.07	NC_002695.2	CP041955.1
664592	665857	2464001	2462736	1266	1266	97.55	NC_002695.2	CP041955.1
664591	665883	1570167	1568876	1293	1292	95.44	NC_002695.2	CP041955.1
664603	665882	1063905	1062626	1280	1280	96.02	NC_002695.2	CP041955.1
664970	665857	1571055	1570168	888	888	94.71	NC_002695.2	CP041955.1
665502	665882	1568876	1568497	381	380	92.13	NC_002695.2	CP041955.1
673858	675423	2456111	2454546	1566	1566	95.34	NC_002695.2	CP041955.1
673858	675401	1057051	1055508	1544	1544	92.49	NC_002695.2	CP041955.1
676008	679642	1409348	1412982	3635	3635	96.86	NC_002695.2	CP041955.1
679645	687950	1413110	1421434	8306	8325	98.09	NC_002695.2	CP041955.1
687942	688056	1422203	1422317	115	115	100.00	NC_002695.2	CP041955.1
688708	690513	1439815	1441634	1806	1820	96.98	NC_002695.2	CP041955.1
690502	690592	1442972	1443062	91	91	98.90	NC_002695.2	CP041955.1
690627	691016	1441245	1441634	390	390	95.64	NC_002695.2	CP041955.1
691005	706197	1442972	1458164	15193	15193	97.64	NC_002695.2	CP041955.1
691754	691898	1531967	1531823	145	145	90.41	NC_002695.2	CP041955.1
706195	720979	1458348	1473132	14785	14785	97.98	NC_002695.2	CP041955.1
720994	779540	1473263	1531801	58547	58539	98.43	NC_002695.2	CP041955.1
779571	795270	1531972	1547669	15700	15698	98.59	NC_002695.2	CP041955.1
795256	798088	1549347	1552179	2833	2833	97.85	NC_002695.2	CP041955.1
798308	798659	1552169	1552520	352	352	89.20	NC_002695.2	CP041955.1
799475	811738	1553242	1565506	12264	12265	97.70	NC_002695.2	CP041955.1
808008	811698	4542039	4545696	3691	3658	97.32	NC_002695.2	CP041955.1
807893	811654	4682067	4685828	3762	3762	97.98	NC_002695.2	CP041955.1
811270	811725	4687198	4687652	456	455	94.08	NC_002695.2	CP041955.1
810704	812815	1566343	1568453	2112	2111	97.96	NC_002695.2	CP041955.1
814219	815498	1062626	1063905	1280	1280	96.64	NC_002695.2	CP041955.1
814219	815509	4547050	4548340	1291	1291	97.99	NC_002695.2	CP041955.1
814244	814599	1568522	1568876	356	355	92.70	NC_002695.2	CP041955.1
814244	815509	1568902	1570166	1266	1265	95.66	NC_002695.2	CP041955.1
814218	815510	2462710	2464002	1293	1293	97.45	NC_002695.2	CP041955.1
814243	815131	1570167	1571055	889	889	95.73	NC_002695.2	CP041955.1
815591	828480	1571139	1584025	12890	12887	91.46	NC_002695.2	CP041955.1
829849	839415	1585398	1594964	9567	9567	98.80	NC_002695.2	CP041955.1
839430	841617	1595251	1597438	2188	2188	99.04	NC_002695.2	CP041955.1
855879	865055	1603658	1612915	9177	9258	98.01	NC_002695.2	CP041955.1
865038	865244	1612998	1613204	207	207	98.55	NC_002695.2	CP041955.1
865227	865679	1613285	1613737	453	453	97.79	NC_002695.2	CP041955.1
865375	865708	1613655	1613974	334	320	86.39	NC_002695.2	CP041955.1
865274	865548	1613029	1613302	275	274	96.73	NC_002695.2	CP041955.1
865596	865674	1612839	1612917	79	79	100.00	NC_002695.2	CP041955.1
865655	889743	1614077	1638156	24089	24080	98.04	NC_002695.2	CP041955.1
887194	887321	1412979	1413106	128	128	100.00	NC_002695.2	CP041955.1
889662	891127	1638167	1639632	1466	1466	97.82	NC_002695.2	CP041955.1
901882	921180	1101633	1120931	19299	19299	97.59	NC_002695.2	CP041955.1
902517	902754	2123760	2123997	238	238	88.66	NC_002695.2	CP041955.1
916725	921180	2137657	2142112	4456	4456	94.86	NC_002695.2	CP041955.1
922133	923210	2143129	2144207	1078	1079	91.32	NC_002695.2	CP041955.1
929695	954608	1639614	1664523	24914	24910	97.82	NC_002695.2	CP041955.1
957416	970040	1665261	1677875	12625	12615	98.01	NC_002695.2	CP041955.1
970049	988583	1678028	1696638	18535	18611	98.09	NC_002695.2	CP041955.1
988687	1000997	1696639	1708938	12311	12300	98.44	NC_002695.2	CP041955.1
1001994	1024923	1708981	1731902	22930	22922	98.61	NC_002695.2	CP041955.1
1028442	1033083	1732111	1736752	4642	4642	95.41	NC_002695.2	CP041955.1
1035651	1046072	1736805	1747225	10422	10421	97.24	NC_002695.2	CP041955.1
1046110	1046384	1747550	1747275	275	276	90.58	NC_002695.2	CP041955.1
1046111	1046376	3151265	3151532	266	268	90.74	NC_002695.2	CP041955.1
1046425	1079887	1747616	1781039	33463	33424	98.76	NC_002695.2	CP041955.1
1079928	1113973	1782551	1816596	34046	34046	98.73	NC_002695.2	CP041955.1
1113955	1133518	1816750	1836313	19564	19564	98.00	NC_002695.2	CP041955.1
1133509	1161156	1837081	1864729	27648	27649	99.18	NC_002695.2	CP041955.1
1165534	1166061	2111098	2111618	528	521	90.04	NC_002695.2	CP041955.1
1168723	1169151	2113573	2114001	429	429	91.16	NC_002695.2	CP041955.1
1170414	1170983	2114550	2115143	570	594	91.41	NC_002695.2	CP041955.1
1172536	1172922	2115177	2115562	387	386	89.66	NC_002695.2	CP041955.1
1174501	1176041	2117201	2118742	1541	1542	91.44	NC_002695.2	CP041955.1
1179715	1179924	2121259	2121467	210	209	92.86	NC_002695.2	CP041955.1
1189603	1189828	709643	709418	226	226	98.67	NC_002695.2	CP041955.1
1206254	1207892	2142569	2144207	1639	1639	93.48	NC_002695.2	CP041955.1
1206794	1207892	1121946	1123046	1099	1101	95.46	NC_002695.2	CP041955.1
1210854	1211424	1864634	1865207	571	574	97.56	NC_002695.2	CP041955.1
1211638	1246166	1865252	1899770	34529	34519	97.89	NC_002695.2	CP041955.1
1272720	1273004	2122526	2122810	285	285	93.33	NC_002695.2	CP041955.1
1274608	1275325	2123831	2124545	718	715	90.11	NC_002695.2	CP041955.1
1308858	1309466	1899754	1900428	609	675	88.02	NC_002695.2	CP041955.1
1309444	1321776	1900581	1912913	12333	12333	97.75	NC_002695.2	CP041955.1
1324321	1337338	1913327	1926345	13018	13019	99.32	NC_002695.2	CP041955.1
1369079	1370611	1927603	1929135	1533	1533	98.63	NC_002695.2	CP041955.1
1370537	1381554	1929423	1940482	11018	11060	98.36	NC_002695.2	CP041955.1
1384474	1384831	3052071	3051714	358	358	99.72	NC_002695.2	CP041955.1
1384474	1384831	3034236	3034593	358	358	99.72	NC_002695.2	CP041955.1
1384806	1385770	3052909	3053873	965	965	98.76	NC_002695.2	CP041955.1
1384842	1385772	690944	690014	931	931	99.46	NC_002695.2	CP041955.1
1384945	1385770	1948671	1947845	826	827	98.91	NC_002695.2	CP041955.1
1395812	1396186	3033419	3033045	375	375	99.73	NC_002695.2	CP041955.1
1395833	1396186	3051739	3051386	354	354	98.87	NC_002695.2	CP041955.1
1395868	1396185	690945	691262	318	318	99.69	NC_002695.2	CP041955.1
1401236	1401568	679445	679113	333	333	89.49	NC_002695.2	CP041955.1
1425145	1425860	4796613	4795914	716	700	85.56	NC_002695.2	CP041955.1
1427825	1428594	4687826	4688595	770	770	90.78	NC_002695.2	CP041955.1
1427826	1428599	706106	705334	774	773	99.35	NC_002695.2	CP041955.1
1427827	1428594	2025699	2024932	768	768	92.97	NC_002695.2	CP041955.1
1427827	1428599	1223079	1223850	773	772	93.01	NC_002695.2	CP041955.1
1427827	1428594	1836314	1837081	768	768	93.10	NC_002695.2	CP041955.1
1427827	1428595	4168757	4169525	769	769	96.36	NC_002695.2	CP041955.1
1427827	1428595	737527	736760	769	768	99.09	NC_002695.2	CP041955.1
1427826	1432041	1948671	1952886	4216	4216	99.67	NC_002695.2	CP041955.1
1427827	1428601	2967112	2967886	775	775	90.97	NC_002695.2	CP041955.1
1427826	1428594	3044675	3043907	769	769	91.03	NC_002695.2	CP041955.1
1427816	1428594	669914	669136	779	779	98.46	NC_002695.2	CP041955.1
1427826	1428594	4203898	4204666	769	769	91.03	NC_002695.2	CP041955.1
1427827	1428594	1422202	1421435	768	768	90.76	NC_002695.2	CP041955.1
1427826	1428598	2988995	2988223	773	773	91.07	NC_002695.2	CP041955.1
1427827	1428594	716870	717636	768	767	91.02	NC_002695.2	CP041955.1
1427827	1428601	2288480	2287706	775	775	90.84	NC_002695.2	CP041955.1
1427827	1428595	2067107	2067875	769	769	91.03	NC_002695.2	CP041955.1
1427827	1428598	4760682	4761454	772	773	90.17	NC_002695.2	CP041955.1
1427827	1428594	4770590	4769823	768	768	90.49	NC_002695.2	CP041955.1
1429663	1430153	4795914	4795421	491	494	87.07	NC_002695.2	CP041955.1
1432039	1432562	1986153	1985629	524	525	96.20	NC_002695.2	CP041955.1
1432039	1432562	1963587	1964111	524	525	93.73	NC_002695.2	CP041955.1
1432038	1432562	4288415	4288939	525	525	94.11	NC_002695.2	CP041955.1
1432039	1432562	2147142	2147665	524	524	94.10	NC_002695.2	CP041955.1
1433349	1434606	1952881	1954138	1258	1258	100.00	NC_002695.2	CP041955.1
1434599	1441725	1956718	1963845	7127	7128	99.89	NC_002695.2	CP041955.1
1441467	1441725	4288416	4288674	259	259	100.00	NC_002695.2	CP041955.1
1441467	1441725	2147142	2147400	259	259	100.00	NC_002695.2	CP041955.1
1441467	1442307	1972961	1972121	841	841	98.22	NC_002695.2	CP041955.1
1442952	1444638	2005114	2006800	1687	1687	93.85	NC_002695.2	CP041955.1
1442960	1444325	3024753	3023387	1366	1367	94.89	NC_002695.2	CP041955.1
1444321	1444638	3020804	3020487	318	318	93.08	NC_002695.2	CP041955.1
1445209	1462772	2007368	2024931	17564	17564	98.88	NC_002695.2	CP041955.1
1444997	1447141	3020131	3017987	2145	2145	93.86	NC_002695.2	CP041955.1
1451740	1452765	3017817	3016783	1026	1035	89.67	NC_002695.2	CP041955.1
1452085	1454114	4804039	4806073	2030	2035	89.81	NC_002695.2	CP041955.1
1452928	1455196	3016381	3014077	2269	2305	91.16	NC_002695.2	CP041955.1
1454741	1456677	4806651	4808593	1937	1943	91.41	NC_002695.2	CP041955.1
1462765	1493844	2025700	2056779	31080	31080	98.48	NC_002695.2	CP041955.1
1493949	1504136	2056918	2067106	10188	10189	98.37	NC_002695.2	CP041955.1
1504128	1539657	2067875	2103384	35530	35510	98.60	NC_002695.2	CP041955.1
1539683	1543582	2104697	2108596	3900	3900	99.18	NC_002695.2	CP041955.1
1544502	1544649	2112342	2112492	148	151	92.72	NC_002695.2	CP041955.1
1545708	1546081	2113573	2113946	374	374	84.53	NC_002695.2	CP041955.1
1551100	1552665	2117177	2118743	1566	1567	89.80	NC_002695.2	CP041955.1
1552983	1554272	2119064	2120354	1290	1291	88.85	NC_002695.2	CP041955.1
1555255	1555406	2122106	2122257	152	152	94.74	NC_002695.2	CP041955.1
1589999	1594719	2152647	2157367	4721	4721	98.60	NC_002695.2	CP041955.1
1610174	1618289	2157361	2165476	8116	8116	98.44	NC_002695.2	CP041955.1
1627494	1628279	2123760	2124545	786	786	90.71	NC_002695.2	CP041955.1
1643495	1644991	1116461	1117957	1497	1497	93.86	NC_002695.2	CP041955.1
1643443	1644991	2137590	2139138	1549	1549	94.32	NC_002695.2	CP041955.1
1645221	1647989	1118163	1120931	2769	2769	95.20	NC_002695.2	CP041955.1
1645221	1647989	2139344	2142112	2769	2769	95.05	NC_002695.2	CP041955.1
1648908	1650488	1121949	1123532	1581	1584	95.83	NC_002695.2	CP041955.1
1648839	1650488	2143043	2144693	1650	1651	93.40	NC_002695.2	CP041955.1
1653007	1653131	2151238	2151362	125	125	92.80	NC_002695.2	CP041955.1
1653007	1653130	1127559	1127682	124	124	87.90	NC_002695.2	CP041955.1
1655939	1656929	2151398	2152386	991	989	98.79	NC_002695.2	CP041955.1
1664778	1665542	3664241	3663477	765	765	97.12	NC_002695.2	CP041955.1
1665188	1685601	2177412	2197784	20414	20373	98.27	NC_002695.2	CP041955.1
1685602	1686114	4288416	4288928	513	513	95.71	NC_002695.2	CP041955.1
1685602	1686114	1963587	1964100	513	514	95.33	NC_002695.2	CP041955.1
1685601	1686114	2147141	2147654	514	514	95.72	NC_002695.2	CP041955.1
1686122	1686641	1983360	1982841	520	520	97.88	NC_002695.2	CP041955.1
1686122	1686911	1966378	1967166	790	789	96.20	NC_002695.2	CP041955.1
1686122	1686911	2149933	2150722	790	790	96.58	NC_002695.2	CP041955.1
1686122	1686912	4291208	4291998	791	791	96.59	NC_002695.2	CP041955.1
1686912	1688033	2197782	2198903	1122	1122	98.75	NC_002695.2	CP041955.1
1694830	1700265	2199585	2205033	5436	5449	98.53	NC_002695.2	CP041955.1
1700266	1716104	2208170	2223939	15839	15770	98.46	NC_002695.2	CP041955.1
1715104	1715575	2224003	2224473	472	471	96.41	NC_002695.2	CP041955.1
1715104	1724832	2223468	2233197	9729	9730	98.60	NC_002695.2	CP041955.1
1724837	1732444	2233325	2240932	7608	7608	98.75	NC_002695.2	CP041955.1
1727510	1727764	2471346	2471092	255	255	83.14	NC_002695.2	CP041955.1
1729384	1729797	2469475	2469062	414	414	83.37	NC_002695.2	CP041955.1
1732064	1739595	2240730	2248264	7532	7535	98.73	NC_002695.2	CP041955.1
1739586	1757642	2249254	2267309	18057	18056	98.83	NC_002695.2	CP041955.1
1759098	1760219	2108190	2109311	1122	1122	96.88	NC_002695.2	CP041955.1
1761587	1762507	2110650	2111658	921	1009	86.25	NC_002695.2	CP041955.1
1763142	1763849	2111659	2112367	708	709	97.18	NC_002695.2	CP041955.1
1770132	1771180	2117692	2118743	1049	1052	87.93	NC_002695.2	CP041955.1
1771486	1771833	2119053	2119399	348	347	88.79	NC_002695.2	CP041955.1
1774835	1775054	2122099	2122318	220	220	95.00	NC_002695.2	CP041955.1
1796689	1798875	2141567	2143753	2187	2187	94.42	NC_002695.2	CP041955.1
1796689	1797798	1120386	1121495	1110	1110	93.15	NC_002695.2	CP041955.1
1807677	1809746	709639	711708	2070	2070	99.37	NC_002695.2	CP041955.1
1815697	1826732	2267189	2278224	11036	11036	97.28	NC_002695.2	CP041955.1
1826732	1835907	2278524	2287712	9176	9189	97.73	NC_002695.2	CP041955.1
1835900	1852004	2288481	2304587	16105	16107	98.85	NC_002695.2	CP041955.1
1859891	1870583	2305246	2315938	10693	10693	98.41	NC_002695.2	CP041955.1
1870585	1898675	2316065	2344150	28091	28086	97.13	NC_002695.2	CP041955.1
1899340	1899478	2344150	2344288	139	139	97.12	NC_002695.2	CP041955.1
1900375	1909303	2344305	2353234	8929	8930	98.88	NC_002695.2	CP041955.1
1909302	1909827	1986155	1985629	526	527	95.27	NC_002695.2	CP041955.1
1910614	1921550	2353232	2364168	10937	10937	99.01	NC_002695.2	CP041955.1
1926236	1926689	2109849	2110302	454	454	91.85	NC_002695.2	CP041955.1
1932944	1933374	2115187	2115617	431	431	87.70	NC_002695.2	CP041955.1
1940642	1940922	2120331	2120611	281	281	97.51	NC_002695.2	CP041955.1
1966022	1967364	2141334	2142676	1343	1343	94.27	NC_002695.2	CP041955.1
1966039	1968916	1120170	1123046	2878	2877	95.62	NC_002695.2	CP041955.1
1967815	1968916	2143109	2144207	1102	1099	92.38	NC_002695.2	CP041955.1
1972620	1983840	2364126	2375368	11221	11243	97.41	NC_002695.2	CP041955.1
1988650	2002987	2399301	2413628	14338	14328	96.26	NC_002695.2	CP041955.1
2004810	2020808	2413773	2429768	15999	15996	98.59	NC_002695.2	CP041955.1
2020809	2049793	2431517	2460504	28985	28988	97.72	NC_002695.2	CP041955.1
2043864	2045508	1055509	1057153	1645	1645	95.20	NC_002695.2	CP041955.1
2046050	2049766	1360565	1364288	3717	3724	93.90	NC_002695.2	CP041955.1
2050813	2052325	1062451	1063905	1513	1455	93.39	NC_002695.2	CP041955.1
2051023	2052336	4547051	4548340	1314	1290	96.65	NC_002695.2	CP041955.1
2051046	2051934	1570167	1571055	889	889	96.40	NC_002695.2	CP041955.1
2051047	2052336	1568902	1570166	1290	1265	94.11	NC_002695.2	CP041955.1
2051023	2064801	2462712	2476477	13779	13766	97.25	NC_002695.2	CP041955.1
2051047	2051402	1568522	1568876	356	355	92.13	NC_002695.2	CP041955.1
2056989	2057809	2238689	2237872	821	818	79.39	NC_002695.2	CP041955.1
2065443	2065768	2476466	2476791	326	326	97.85	NC_002695.2	CP041955.1
2067308	2111462	2476786	2520956	44155	44171	98.40	NC_002695.2	CP041955.1
2069097	2070890	205291	203498	1794	1794	78.87	NC_002695.2	CP041955.1
2071425	2071740	202960	202645	316	316	82.65	NC_002695.2	CP041955.1
2073622	2073745	3591588	3591464	124	125	89.60	NC_002695.2	CP041955.1
2092023	2093526	4587793	4589296	1504	1504	95.55	NC_002695.2	CP041955.1
2114742	2115206	2520956	2521419	465	464	96.77	NC_002695.2	CP041955.1
2115331	2116602	2521531	2522796	1272	1266	97.09	NC_002695.2	CP041955.1
2116605	2135941	2523417	2542767	19337	19351	98.00	NC_002695.2	CP041955.1
2136440	2147031	2542768	2553357	10592	10590	96.72	NC_002695.2	CP041955.1
2148577	2158324	2553420	2563166	9748	9747	98.65	NC_002695.2	CP041955.1
2189686	2189904	2120611	2120393	219	219	98.17	NC_002695.2	CP041955.1
2193983	2194418	2117609	2117173	436	437	92.68	NC_002695.2	CP041955.1
2198002	2198513	2114539	2114048	512	492	85.77	NC_002695.2	CP041955.1
2198613	2200219	2113946	2112340	1607	1607	95.40	NC_002695.2	CP041955.1
2201302	2201903	2111618	2111014	602	605	93.43	NC_002695.2	CP041955.1
2202219	2203474	2110697	2109439	1256	1259	91.83	NC_002695.2	CP041955.1
2204886	2205682	1966373	1967168	797	796	96.36	NC_002695.2	CP041955.1
2206653	2208723	711709	709639	2071	2071	99.37	NC_002695.2	CP041955.1
2209097	2209553	1967208	1967663	457	456	85.40	NC_002695.2	CP041955.1
2212836	2215274	2144207	2141771	2439	2437	93.69	NC_002695.2	CP041955.1
2239709	2239835	2121424	2121300	127	125	93.70	NC_002695.2	CP041955.1
2242439	2244004	2118743	2117177	1566	1567	89.80	NC_002695.2	CP041955.1
2244848	2245028	2115660	2115479	181	182	91.76	NC_002695.2	CP041955.1
2247973	2248267	2113867	2113573	295	295	94.92	NC_002695.2	CP041955.1
2249648	2251493	2112495	2110650	1846	1846	96.43	NC_002695.2	CP041955.1
2252861	2254017	2109311	2108155	1157	1157	93.01	NC_002695.2	CP041955.1
2254995	2291309	2565461	2601776	36315	36316	98.78	NC_002695.2	CP041955.1
2291309	2308478	2601957	2619115	17170	17159	98.49	NC_002695.2	CP041955.1
2308439	2415971	2618980	2726599	107533	107620	98.60	NC_002695.2	CP041955.1
2416335	2450342	2727165	2761171	34008	34007	98.17	NC_002695.2	CP041955.1
2451221	2454320	2761260	2764358	3100	3099	98.87	NC_002695.2	CP041955.1
2454320	2455114	2150722	2149928	795	795	95.97	NC_002695.2	CP041955.1
2454320	2455114	4291997	4291203	795	795	95.97	NC_002695.2	CP041955.1
2455115	2455631	4288930	4288414	517	517	94.39	NC_002695.2	CP041955.1
2455106	2455629	2147665	2147142	524	524	94.10	NC_002695.2	CP041955.1
2455106	2455629	1964111	1963587	524	525	93.73	NC_002695.2	CP041955.1
2455106	2455629	1985629	1986153	524	525	96.20	NC_002695.2	CP041955.1
2455371	2455631	1972703	1972963	261	261	97.70	NC_002695.2	CP041955.1
2455630	2484892	2764355	2793629	29263	29275	98.79	NC_002695.2	CP041955.1
2485117	2546296	2793629	2854803	61180	61175	98.70	NC_002695.2	CP041955.1
2546395	2567011	2854803	2875419	20617	20617	98.55	NC_002695.2	CP041955.1
2567085	2593158	2875406	2901480	26074	26075	98.59	NC_002695.2	CP041955.1
2604011	2604805	2149928	2150722	795	795	96.10	NC_002695.2	CP041955.1
2604011	2604806	4291203	4291998	796	796	96.11	NC_002695.2	CP041955.1
2612106	2613224	3052935	3051814	1119	1122	99.38	NC_002695.2	CP041955.1
2612096	2613224	3033362	3034493	1129	1132	99.20	NC_002695.2	CP041955.1
2614158	2624773	2901360	2911976	10616	10617	98.25	NC_002695.2	CP041955.1
2614450	2614525	541590	541515	76	76	100.00	NC_002695.2	CP041955.1
2614450	2614525	541357	541282	76	76	100.00	NC_002695.2	CP041955.1
2614450	2614525	541701	541626	76	76	100.00	NC_002695.2	CP041955.1
2625737	2633198	2913195	2920663	7462	7469	97.18	NC_002695.2	CP041955.1
2634148	2635347	2920959	2922159	1200	1201	85.62	NC_002695.2	CP041955.1
2635784	2658839	2920641	2943621	23056	22981	97.34	NC_002695.2	CP041955.1
2659905	2668204	2944574	2952875	8300	8302	98.34	NC_002695.2	CP041955.1
2692237	2692769	2123734	2123202	533	533	85.74	NC_002695.2	CP041955.1
2694400	2694926	2147665	2147139	527	527	95.27	NC_002695.2	CP041955.1
2699712	2701251	2118741	2117201	1540	1541	89.88	NC_002695.2	CP041955.1
2707448	2707989	2111567	2111016	542	552	84.63	NC_002695.2	CP041955.1
2709723	2710844	2109311	2108190	1122	1122	85.87	NC_002695.2	CP041955.1
2712172	2716850	2952815	2957493	4679	4679	98.27	NC_002695.2	CP041955.1
2717125	2717363	2957471	2957709	239	239	89.96	NC_002695.2	CP041955.1
2717735	2727374	2957471	2967111	9640	9641	96.49	NC_002695.2	CP041955.1
2727367	2735639	3043906	3035628	8273	8279	97.60	NC_002695.2	CP041955.1
2727629	2727713	3041730	3041814	85	85	100.00	NC_002695.2	CP041955.1
2727630	2727733	3039322	3039425	104	104	97.12	NC_002695.2	CP041955.1
2727630	2727733	2953975	2953872	104	104	98.08	NC_002695.2	CP041955.1
2729454	2729538	3043555	3043639	85	85	100.00	NC_002695.2	CP041955.1
2738085	2738809	3035632	3034908	725	725	98.90	NC_002695.2	CP041955.1
2741954	2742751	1967169	1966373	798	797	95.74	NC_002695.2	CP041955.1
2741957	2742751	4291997	4291203	795	795	96.10	NC_002695.2	CP041955.1
2741957	2742751	2150722	2149928	795	795	96.10	NC_002695.2	CP041955.1
2742227	2742751	1982841	1983365	525	525	96.95	NC_002695.2	CP041955.1
2742743	2743266	1964111	1963587	524	525	95.25	NC_002695.2	CP041955.1
2742743	2743268	2147665	2147140	526	526	95.64	NC_002695.2	CP041955.1
2742752	2743266	4288930	4288416	515	515	95.92	NC_002695.2	CP041955.1
2747393	2748348	3017734	3016783	956	952	93.62	NC_002695.2	CP041955.1
2747668	2750679	4804039	4807088	3012	3050	91.35	NC_002695.2	CP041955.1
2748497	2751160	3016380	3013614	2664	2767	90.44	NC_002695.2	CP041955.1
2751161	2751318	1997992	1997835	158	158	93.67	NC_002695.2	CP041955.1
2751320	2753933	3009838	3007227	2614	2612	98.89	NC_002695.2	CP041955.1
2753926	2761848	3005910	2997988	7923	7923	98.49	NC_002695.2	CP041955.1
2762054	2769384	2997338	2990009	7331	7330	96.85	NC_002695.2	CP041955.1
2772061	2773484	2981471	2980048	1424	1424	83.88	NC_002695.2	CP041955.1
2774742	2775309	1571055	1570487	568	569	86.12	NC_002695.2	CP041955.1
2813412	2814997	3056855	3058440	1586	1586	95.71	NC_002695.2	CP041955.1
2815743	2819669	3058892	3062818	3927	3927	98.29	NC_002695.2	CP041955.1
2819671	2859103	3064273	3103580	39433	39308	96.77	NC_002695.2	CP041955.1
2861376	2868239	3103671	3110514	6864	6844	89.16	NC_002695.2	CP041955.1
2868528	2873819	3110805	3116088	5292	5284	94.82	NC_002695.2	CP041955.1
2874142	2876357	3116408	3118623	2216	2216	88.42	NC_002695.2	CP041955.1
2877754	2883713	3120829	3126739	5960	5911	91.70	NC_002695.2	CP041955.1
2883831	2890910	3126246	3133311	7080	7066	95.17	NC_002695.2	CP041955.1
2892221	2896060	3133309	3137148	3840	3840	98.57	NC_002695.2	CP041955.1
2898137	2900573	2144207	2141771	2437	2437	94.01	NC_002695.2	CP041955.1
2898137	2899247	1123046	1121934	1111	1113	91.41	NC_002695.2	CP041955.1
2913883	2914795	1108490	1107576	913	915	86.14	NC_002695.2	CP041955.1
2921272	2921535	2122810	2122548	264	263	95.83	NC_002695.2	CP041955.1
2924348	2924420	2121467	2121395	73	73	98.63	NC_002695.2	CP041955.1
2943915	2948605	3137124	3141813	4691	4690	96.67	NC_002695.2	CP041955.1
2948708	2958116	3141813	3151211	9409	9399	97.26	NC_002695.2	CP041955.1
2958176	2958456	1747279	1747559	281	281	92.53	NC_002695.2	CP041955.1
2958191	2958452	3151520	3151259	262	262	89.31	NC_002695.2	CP041955.1
2958516	2959492	3151593	3152569	977	977	97.13	NC_002695.2	CP041955.1
2965681	2969119	3152696	3156134	3439	3439	98.84	NC_002695.2	CP041955.1
2969117	2971672	3156335	3158890	2556	2556	97.22	NC_002695.2	CP041955.1
2971861	3050040	3158907	3237075	78180	78169	97.75	NC_002695.2	CP041955.1
3050070	3053074	3236991	3239995	3005	3005	98.67	NC_002695.2	CP041955.1
3053272	3075570	3247409	3269701	22299	22293	97.55	NC_002695.2	CP041955.1
3077438	3077693	3269689	3269945	256	257	93.00	NC_002695.2	CP041955.1
3079406	3087183	3269945	3277719	7778	7775	98.52	NC_002695.2	CP041955.1
3087126	3088974	3277845	3279682	1849	1838	97.68	NC_002695.2	CP041955.1
3090283	3114694	3279678	3304081	24412	24404	98.07	NC_002695.2	CP041955.1
3114958	3115231	3305892	3306168	274	277	91.73	NC_002695.2	CP041955.1
3115232	3116220	3306495	3307485	989	991	96.37	NC_002695.2	CP041955.1
3116238	3119279	3310047	3313088	3042	3042	97.93	NC_002695.2	CP041955.1
3119507	3157319	3313249	3351061	37813	37813	98.71	NC_002695.2	CP041955.1
3157236	3157501	4316015	4316281	266	267	86.67	NC_002695.2	CP041955.1
3157400	3175654	3350960	3369140	18255	18181	97.31	NC_002695.2	CP041955.1
3179055	3182322	3372451	3375720	3268	3270	83.75	NC_002695.2	CP041955.1
3182875	3189429	3376309	3382864	6555	6556	97.58	NC_002695.2	CP041955.1
3189432	3189927	3384318	3384813	496	496	96.77	NC_002695.2	CP041955.1
3189977	3193116	3384671	3387816	3140	3146	95.87	NC_002695.2	CP041955.1
3201646	3242543	3387794	3428680	40898	40887	98.13	NC_002695.2	CP041955.1
3242532	3246118	3430018	3433605	3587	3588	98.16	NC_002695.2	CP041955.1
3246119	3247871	2431516	2429764	1753	1753	97.49	NC_002695.2	CP041955.1
3246119	3247871	583310	581558	1753	1753	97.66	NC_002695.2	CP041955.1
3247867	3250038	3433606	3435778	2172	2173	98.57	NC_002695.2	CP041955.1
3249917	3250035	1613863	1613981	119	119	100.00	NC_002695.2	CP041955.1
3250443	3262229	3440177	3451952	11787	11776	98.99	NC_002695.2	CP041955.1
3262233	3267210	3452914	3457892	4978	4979	96.85	NC_002695.2	CP041955.1
3267207	3272858	3458035	3463686	5652	5652	96.92	NC_002695.2	CP041955.1
3272832	3284649	3463842	3475660	11818	11819	97.94	NC_002695.2	CP041955.1
3284649	3361272	3475776	3552453	76624	76678	98.46	NC_002695.2	CP041955.1
3366128	3374551	3552477	3560901	8424	8425	98.48	NC_002695.2	CP041955.1
3374645	3383098	3561314	3569765	8454	8452	98.71	NC_002695.2	CP041955.1
3383225	3404731	3569955	3591461	21507	21507	97.99	NC_002695.2	CP041955.1
3404745	3434767	3591610	3621625	30023	30016	98.29	NC_002695.2	CP041955.1
3410023	3410163	1840868	1840729	141	140	88.65	NC_002695.2	CP041955.1
3434767	3466560	3621801	3653673	31794	31873	98.21	NC_002695.2	CP041955.1
3446392	3451329	349085	344137	4938	4949	98.89	NC_002695.2	CP041955.1
3446388	3449635	4347280	4350520	3248	3241	98.77	NC_002695.2	CP041955.1
3446389	3451738	65568	60211	5350	5358	99.03	NC_002695.2	CP041955.1
3446389	3449635	1023404	1020154	3247	3251	99.08	NC_002695.2	CP041955.1
3447135	3451738	307169	302476	4604	4694	97.08	NC_002695.2	CP041955.1
3447949	3449635	157727	156041	1687	1687	99.11	NC_002695.2	CP041955.1
3449815	3451555	4350793	4352534	1741	1742	98.97	NC_002695.2	CP041955.1
3449815	3451555	1019881	1018142	1741	1740	99.54	NC_002695.2	CP041955.1
3449815	3451738	155768	153845	1924	1924	99.48	NC_002695.2	CP041955.1
3466575	3476097	3653800	3663326	9523	9527	98.68	NC_002695.2	CP041955.1
3476620	3476858	1127814	1127576	239	239	93.72	NC_002695.2	CP041955.1
3482132	3483408	710434	711710	1277	1277	99.53	NC_002695.2	CP041955.1
3483981	3484527	2122849	2122303	547	547	91.59	NC_002695.2	CP041955.1
3490580	3491400	3034610	3033790	821	821	99.15	NC_002695.2	CP041955.1
3490576	3491400	3051693	3052517	825	825	99.03	NC_002695.2	CP041955.1
3500288	3522790	3663324	3685818	22503	22495	97.11	NC_002695.2	CP041955.1
3500441	3500795	2177765	2177412	355	354	97.18	NC_002695.2	CP041955.1
3505067	3505422	2177412	2177058	356	355	89.04	NC_002695.2	CP041955.1
3524885	3542206	3685949	3703269	17322	17321	98.67	NC_002695.2	CP041955.1
3541933	3542206	3703269	3703543	274	275	95.29	NC_002695.2	CP041955.1
3542219	3542405	3703103	3703290	187	188	94.15	NC_002695.2	CP041955.1
3542219	3542546	3703378	3703705	328	328	97.87	NC_002695.2	CP041955.1
3542527	3557380	3703820	3718678	14854	14859	98.49	NC_002695.2	CP041955.1
3557375	3584226	3718877	3745763	26852	26887	97.76	NC_002695.2	CP041955.1
3587163	3598437	3751864	3763139	11275	11276	98.37	NC_002695.2	CP041955.1
3607558	3624281	3772601	3789331	16724	16731	97.47	NC_002695.2	CP041955.1
3624315	3625443	3789609	3790737	1129	1129	97.61	NC_002695.2	CP041955.1
3629038	3713021	3791738	3875721	83984	83984	98.67	NC_002695.2	CP041955.1
3713249	3726858	3875713	3889313	13610	13601	97.19	NC_002695.2	CP041955.1
3735589	3736201	3889308	3889920	613	613	99.51	NC_002695.2	CP041955.1
3736186	3737349	3891254	3892422	1164	1169	98.12	NC_002695.2	CP041955.1
3737441	3750884	3901331	3914773	13444	13443	98.88	NC_002695.2	CP041955.1
3750857	3780625	3914926	3944696	29769	29771	98.62	NC_002695.2	CP041955.1
3780597	3783258	3944787	3947448	2662	2662	98.38	NC_002695.2	CP041955.1
3783378	3794310	3948469	3959400	10933	10932	98.01	NC_002695.2	CP041955.1
3794437	3811503	3959135	3976246	17067	17112	98.69	NC_002695.2	CP041955.1
3814944	3824612	3976552	3986220	9669	9669	97.84	NC_002695.2	CP041955.1
3825548	3852162	3986281	4012786	26615	26506	97.82	NC_002695.2	CP041955.1
3852039	3852276	511590	511353	238	238	93.28	NC_002695.2	CP041955.1
3854077	3854364	709639	709926	288	288	100.00	NC_002695.2	CP041955.1
3872879	3873350	1972380	1971909	472	472	97.46	NC_002695.2	CP041955.1
3875617	3908297	4052678	4085361	32681	32684	98.64	NC_002695.2	CP041955.1
3908303	3911389	4086289	4089375	3087	3087	98.67	NC_002695.2	CP041955.1
3911395	3912425	4089968	4090998	1031	1031	99.42	NC_002695.2	CP041955.1
3919730	3931292	4091050	4102612	11563	11563	98.28	NC_002695.2	CP041955.1
3931365	3971195	4107740	4147568	39831	39829	98.06	NC_002695.2	CP041955.1
3971011	3992482	4147284	4168756	21472	21473	97.79	NC_002695.2	CP041955.1
3971110	3971293	3475596	3475779	184	184	90.76	NC_002695.2	CP041955.1
3992473	4009454	4169524	4186506	16982	16983	98.81	NC_002695.2	CP041955.1
4009425	4009601	4186758	4186934	177	177	98.31	NC_002695.2	CP041955.1
4009425	4026452	4186871	4203898	17028	17028	98.88	NC_002695.2	CP041955.1
4009455	4009601	4186675	4186821	147	147	97.28	NC_002695.2	CP041955.1
4026444	4033333	4204667	4211556	6890	6890	98.20	NC_002695.2	CP041955.1
4034641	4073052	4211906	4250317	38412	38412	98.77	NC_002695.2	CP041955.1
4060839	4060915	3832692	3832616	77	77	100.00	NC_002695.2	CP041955.1
4060839	4060915	3832802	3832726	77	77	100.00	NC_002695.2	CP041955.1
4060839	4060915	3832912	3832836	77	77	100.00	NC_002695.2	CP041955.1
4073059	4079328	4250470	4256738	6270	6269	98.95	NC_002695.2	CP041955.1
4079324	4103098	4258394	4282169	23775	23776	98.66	NC_002695.2	CP041955.1
4103231	4103516	4288130	4288415	286	286	94.06	NC_002695.2	CP041955.1
4103514	4127495	4291998	4316070	23982	24073	98.32	NC_002695.2	CP041955.1
4127432	4147773	4316281	4336623	20342	20343	99.10	NC_002695.2	CP041955.1
4149142	4188594	4337677	4377080	39453	39404	98.95	NC_002695.2	CP041955.1
4158347	4158681	159385	159051	335	335	94.33	NC_002695.2	CP041955.1
4158342	4158681	307880	307542	340	339	93.82	NC_002695.2	CP041955.1
4158551	4158681	3633429	3633559	131	131	97.71	NC_002695.2	CP041955.1
4158551	4158681	65563	65433	131	131	96.95	NC_002695.2	CP041955.1
4158551	4158681	349083	348953	131	131	97.71	NC_002695.2	CP041955.1
4158551	4158681	1023399	1023269	131	131	96.95	NC_002695.2	CP041955.1
4158926	4164142	1023269	1018050	5217	5220	99.20	NC_002695.2	CP041955.1
4159537	4162037	307169	304666	2501	2504	98.80	NC_002695.2	CP041955.1
4160351	4164049	157727	154028	3699	3700	99.24	NC_002695.2	CP041955.1
4162313	4164049	3636933	3638669	1737	1737	99.14	NC_002695.2	CP041955.1
4162310	4164049	304400	302659	1740	1742	99.43	NC_002695.2	CP041955.1
4162310	4164049	62136	60394	1740	1743	98.91	NC_002695.2	CP041955.1
4162310	4164142	345652	343821	1833	1832	98.75	NC_002695.2	CP041955.1
4190127	4224942	4393719	4428524	34816	34806	98.50	NC_002695.2	CP041955.1
4190177	4191362	313040	311855	1186	1186	98.82	NC_002695.2	CP041955.1
4224957	4260197	4436259	4471521	35241	35263	98.36	NC_002695.2	CP041955.1
4260196	4268030	4471586	4479420	7835	7835	98.37	NC_002695.2	CP041955.1
4268920	4276868	4479470	4487418	7949	7949	97.17	NC_002695.2	CP041955.1
4279716	4291591	4487414	4499291	11876	11878	98.97	NC_002695.2	CP041955.1
4295103	4301009	4499348	4505252	5907	5905	97.83	NC_002695.2	CP041955.1
4302829	4310295	4507894	4515357	7467	7464	96.59	NC_002695.2	CP041955.1
4311337	4316983	4515573	4521219	5647	5647	97.22	NC_002695.2	CP041955.1
4317927	4332285	4521404	4535759	14359	14356	98.23	NC_002695.2	CP041955.1
4347679	4353717	4535798	4541836	6039	6039	97.05	NC_002695.2	CP041955.1
4360281	4373793	4548495	4561996	13513	13502	96.80	NC_002695.2	CP041955.1
4373767	4388452	4562147	4576832	14686	14686	96.88	NC_002695.2	CP041955.1
4397510	4448199	4576868	4627545	50690	50678	98.67	NC_002695.2	CP041955.1
4408437	4409940	2501518	2503021	1504	1504	95.29	NC_002695.2	CP041955.1
4448199	4452606	4627702	4632107	4408	4406	98.30	NC_002695.2	CP041955.1
4458510	4488032	4632260	4661825	29523	29566	98.12	NC_002695.2	CP041955.1
4488022	4488137	4670802	4670917	116	116	96.55	NC_002695.2	CP041955.1
4492159	4492348	4670918	4671107	190	190	88.95	NC_002695.2	CP041955.1
4492559	4498082	4671102	4676625	5524	5524	97.92	NC_002695.2	CP041955.1
4499450	4508721	4676625	4685896	9272	9272	98.41	NC_002695.2	CP041955.1
4504891	4508739	1561660	1565508	3849	3849	97.79	NC_002695.2	CP041955.1
4507703	4508724	1566343	1567364	1022	1022	97.95	NC_002695.2	CP041955.1
4508256	4508697	4545255	4545696	442	442	97.74	NC_002695.2	CP041955.1
4508269	4508899	4687198	4687827	631	630	95.88	NC_002695.2	CP041955.1
4508891	4515274	4688596	4694980	6384	6385	99.37	NC_002695.2	CP041955.1
4515277	4517965	4695118	4697806	2689	2689	97.88	NC_002695.2	CP041955.1
4524057	4539575	4697866	4713395	15519	15530	98.23	NC_002695.2	CP041955.1
4540897	4541871	4713495	4714469	975	975	97.13	NC_002695.2	CP041955.1
4541887	4543817	4714603	4716533	1931	1931	95.96	NC_002695.2	CP041955.1
4552368	4561695	4728247	4737575	9328	9329	98.69	NC_002695.2	CP041955.1
4561688	4561777	4738893	4738982	90	90	97.78	NC_002695.2	CP041955.1
4561991	4571268	4739196	4748473	9278	9278	98.64	NC_002695.2	CP041955.1
4572132	4581119	4748649	4757636	8988	8988	98.48	NC_002695.2	CP041955.1
4581119	4582349	4757739	4758970	1231	1232	89.45	NC_002695.2	CP041955.1
4583688	4586091	4806365	4808786	2404	2422	87.11	NC_002695.2	CP041955.1
4583688	4584429	3014817	3014077	742	741	90.31	NC_002695.2	CP041955.1
4624425	4628292	4810421	4814288	3868	3868	94.70	NC_002695.2	CP041955.1
4629133	4638044	4814330	4823245	8912	8916	97.40	NC_002695.2	CP041955.1
4641402	4652003	4823256	4833856	10602	10601	97.93	NC_002695.2	CP041955.1
4652496	4661639	4833842	4842984	9144	9143	98.15	NC_002695.2	CP041955.1
4661701	4670087	4847797	4856183	8387	8387	98.40	NC_002695.2	CP041955.1
4663942	4664042	1547788	1547688	101	101	91.09	NC_002695.2	CP041955.1
4670088	4674550	1	4463	4463	4463	98.39	NC_002695.2	CP041955.1
4677178	4685778	4615	13214	8601	8600	96.96	NC_002695.2	CP041955.1
4693699	4698463	25599	30363	4765	4765	97.96	NC_002695.2	CP041955.1
4705407	4776329	30570	101538	70923	70969	98.68	NC_002695.2	CP041955.1
4735011	4736971	153808	155768	1961	1961	99.24	NC_002695.2	CP041955.1
4735017	4736983	302445	304412	1967	1968	99.44	NC_002695.2	CP041955.1
4735048	4736983	3638851	3636917	1936	1935	98.56	NC_002695.2	CP041955.1
4776319	4793948	101302	118904	17630	17603	97.87	NC_002695.2	CP041955.1
4794960	4797044	119033	121117	2085	2085	98.75	NC_002695.2	CP041955.1
4799736	4823751	122040	146056	24016	24017	98.65	NC_002695.2	CP041955.1
4823762	4835335	146158	157727	11574	11570	98.21	NC_002695.2	CP041955.1
4831569	4836890	4352600	4347286	5322	5315	98.76	NC_002695.2	CP041955.1
4831569	4836895	1018076	1023404	5327	5329	99.10	NC_002695.2	CP041955.1
4836873	4852490	159332	174992	15618	15661	98.29	NC_002695.2	CP041955.1
4852551	4864964	175165	187579	12414	12415	97.32	NC_002695.2	CP041955.1
4864956	4865219	188637	188900	264	264	95.83	NC_002695.2	CP041955.1
4866258	4875611	189094	198519	9354	9426	96.91	NC_002695.2	CP041955.1
4877658	4891707	198519	212561	14050	14043	97.54	NC_002695.2	CP041955.1
4883174	4884448	2479850	2478576	1275	1275	80.22	NC_002695.2	CP041955.1
4893486	4894805	212729	214048	1320	1320	95.53	NC_002695.2	CP041955.1
4894673	4894805	214008	214140	133	133	95.49	NC_002695.2	CP041955.1
4894673	4894805	214100	214232	133	133	96.99	NC_002695.2	CP041955.1
4894673	4906477	214192	225995	11805	11804	98.72	NC_002695.2	CP041955.1
4906431	4918938	242490	254902	12508	12413	98.19	NC_002695.2	CP041955.1
4920466	4928897	254993	263423	8432	8431	98.21	NC_002695.2	CP041955.1
4928990	4932706	4542027	4545710	3717	3684	97.23	NC_002695.2	CP041955.1
4931698	4932719	1566343	1567364	1022	1022	97.56	NC_002695.2	CP041955.1
4934418	4935056	263431	264067	639	637	94.37	NC_002695.2	CP041955.1
4935064	4960456	264201	289592	25393	25392	97.75	NC_002695.2	CP041955.1
4960356	4967673	289738	297055	7318	7318	98.37	NC_002695.2	CP041955.1
4970375	4977660	297129	304412	7286	7284	98.59	NC_002695.2	CP041955.1
4975691	4977648	153814	155768	1958	1955	98.32	NC_002695.2	CP041955.1
4975691	4981089	60180	65580	5399	5401	98.67	NC_002695.2	CP041955.1
4975722	4977660	3638851	3636917	1939	1935	97.78	NC_002695.2	CP041955.1
4981054	4988775	307822	315541	7722	7720	98.94	NC_002695.2	CP041955.1
4984616	4984700	2241470	2241386	85	85	97.65	NC_002695.2	CP041955.1
4984616	4984700	2241176	2241092	85	85	97.65	NC_002695.2	CP041955.1
4985089	4986274	4394954	4393769	1186	1186	98.90	NC_002695.2	CP041955.1
4988797	5010993	315684	337951	22197	22268	98.65	NC_002695.2	CP041955.1
5011457	5022097	338436	349083	10641	10648	97.92	NC_002695.2	CP041955.1
5016774	5018674	1017982	1019881	1901	1900	99.26	NC_002695.2	CP041955.1
5022212	5027098	349604	354489	4887	4886	98.14	NC_002695.2	CP041955.1
5026945	5038751	354434	366240	11807	11807	97.59	NC_002695.2	CP041955.1
5083838	5084743	366336	367241	906	906	97.02	NC_002695.2	CP041955.1
5084748	5102756	367378	385372	18009	17995	98.62	NC_002695.2	CP041955.1
5102725	5127933	385432	410676	25209	25245	97.43	NC_002695.2	CP041955.1
5127927	5149144	422571	443787	21218	21217	98.19	NC_002695.2	CP041955.1
5149247	5159571	443789	454113	10325	10325	98.48	NC_002695.2	CP041955.1
5168946	5174015	461249	466387	5070	5139	95.10	NC_002695.2	CP041955.1
5174009	5180959	468042	474999	6951	6958	96.38	NC_002695.2	CP041955.1
5180781	5180913	474921	475053	133	133	96.99	NC_002695.2	CP041955.1
5180781	5180959	475021	475199	179	179	96.09	NC_002695.2	CP041955.1
5180781	5229018	475121	523366	48238	48246	98.99	NC_002695.2	CP041955.1
5180781	5180959	1213134	1213312	179	179	87.36	NC_002695.2	CP041955.1
5217129	5217252	4012786	4012664	124	123	91.13	NC_002695.2	CP041955.1
5229018	5239711	523526	534226	10694	10701	99.00	NC_002695.2	CP041955.1
5239899	5246323	534969	541393	6425	6425	97.98	NC_002695.2	CP041955.1
5246322	5263863	541513	559054	17542	17542	98.63	NC_002695.2	CP041955.1
5263879	5272797	564193	573110	8919	8918	98.13	NC_002695.2	CP041955.1
5273982	5278291	573111	577422	4310	4312	95.08	NC_002695.2	CP041955.1
5278305	5314942	578026	614582	36638	36557	97.56	NC_002695.2	CP041955.1
5281836	5283588	2429764	2431516	1753	1753	97.60	NC_002695.2	CP041955.1
5315082	5331683	614594	631162	16602	16569	98.09	NC_002695.2	CP041955.1
5331831	5332320	631166	631655	490	490	86.94	NC_002695.2	CP041955.1
5332805	5339963	632116	639273	7159	7158	97.86	NC_002695.2	CP041955.1
5340051	5345820	639167	644896	5770	5730	95.88	NC_002695.2	CP041955.1
5345911	5347211	649987	651287	1301	1301	97.08	NC_002695.2	CP041955.1
5358947	5359337	712178	712568	391	391	89.26	NC_002695.2	CP041955.1
5390822	5391011	2248265	2248455	190	191	94.76	NC_002695.2	CP041955.1
5391078	5391545	2248608	2249144	468	537	81.85	NC_002695.2	CP041955.1
5391594	5395728	712737	716869	4135	4133	97.36	NC_002695.2	CP041955.1
5404558	5416427	717637	729461	11870	11825	97.61	NC_002695.2	CP041955.1
5422093	5424063	729534	731504	1971	1971	81.85	NC_002695.2	CP041955.1
5426967	5432022	731697	736761	5056	5065	96.07	NC_002695.2	CP041955.1
5445700	5449253	738321	741874	3554	3554	98.68	NC_002695.2	CP041955.1
5450076	5464653	742010	756587	14578	14578	98.41	NC_002695.2	CP041955.1
5464565	5464833	756734	757003	269	270	93.41	NC_002695.2	CP041955.1
5464565	5464652	756619	756706	88	88	98.86	NC_002695.2	CP041955.1
5464566	5464654	101433	101345	89	89	100.00	NC_002695.2	CP041955.1
5464833	5472607	757113	764887	7775	7775	98.35	NC_002695.2	CP041955.1
5472454	5498578	765037	791184	26125	26148	98.27	NC_002695.2	CP041955.1
5472454	5472635	764835	765016	182	182	95.05	NC_002695.2	CP041955.1
1428125	1428598	79293	79766	474	474	90.08	NC_002695.2	CP041957.1
1306264	1306485	26568	26347	222	222	98.20	NC_002695.2	CP041960.1
1933931	1934228	25698	25995	298	298	94.63	NC_002695.2	CP041960.1
2939851	2940074	25290	25513	224	224	89.73	NC_002695.2	CP041960.1
3246115	3247354	61249	60010	1240	1240	94.76	NC_002695.2	CP041960.1
5282353	5283587	60010	61244	1235	1235	94.82	NC_002695.2	CP041960.1
